340.277	-82.2601
340.654	-82.2601
341.032	-82.2601
341.409	-114.7849
341.786	-117.9402
342.163	-116.4839
342.54	-126.0714
342.917	-99.8574
343.293	-91.3622
343.67	-60.2937
344.047	-44.5168
344.424	-47.5508
344.8	-21.3368
345.177	2.3286
345.554	16.2851
345.93	57.6693
346.307	58.6402
346.683	78.5434
347.06	102.0874
347.436	132.5491
347.813	159.3699
348.189	162.4039
348.565	184.613
348.941	285.8282
349.318	513.623
349.694	535.7107
350.07	531.5844
350.446	509.1326
350.822	554.0362
351.198	969.5767
351.574	621.513
351.95	641.7803
352.326	673.8196
352.702	680.2518
353.078	764.4764
353.453	917.0273
353.829	1248.5859
354.205	1700.4133
354.581	2280.6408
354.956	2593.8738
355.332	2309.5247
355.707	1746.2878
356.083	1626.2616
356.458	1973.2331
356.834	2746.5461
357.209	4198.8745
357.584	6344.5389
357.96	9499.0783
358.335	13303.9918
358.71	13364.4297
359.085	9461.9418
359.46	4690.7511
359.835	3160.0234
360.211	3356.9924
360.586	4742.2082
360.96	7420.7693
361.335	12420.7257
361.71	19804.6998
362.085	30680.9612
362.46	40261.8141
362.835	35852.0368
363.209	21262.1253
363.584	7416.0362
363.959	3118.1538
364.333	1721.0447
364.708	1174.1915
365.082	968.4844
365.457	828.4337
365.831	755.2529
366.206	869.4538
366.58	654.5232
366.954	634.3773
367.329	645.1784
367.703	672.606
368.077	768.1172
368.451	862.4148
368.825	1059.9907
369.2	1117.7586
369.574	1010.2326
369.948	807.4382
370.321	792.6322
370.695	1009.8686
371.069	1398.8309
371.443	1936.4606
371.817	2545.3293
372.191	2558.1936
372.564	2021.6561
372.938	1209.5076
373.312	927.1003
373.685	928.0712
374.059	1108.5351
374.432	1659.2719
374.806	2700.6716
375.179	4072.1735
375.553	5952.7853
375.926	7358.511
376.299	6916.6352
376.672	4188.9229
377.046	2040.5885
377.419	1580.5085
377.792	1666.5535
378.165	2241.4411
378.538	3213.7863
378.911	4987.6003
379.284	7630.3599
379.657	11477.7498
380.03	17483.3044
380.403	20064.2912
380.776	16178.9152
381.148	7859.7324
381.521	3032.3515
381.894	1753.084
382.266	1510.7259
382.639	1757.9384
383.012	2419.2351
383.384	3699.3521
383.757	5770.7436
384.129	9048.7072
384.501	13584.7001
384.874	20960.543
385.246	27427.5125
385.618	24175.2774
385.991	13781.0624
386.363	4695.3628
386.735	1933.0625
387.107	1059.1412
387.479	801.977
387.851	726.0049
388.223	704.524
388.595	782.5592
388.967	930.4984
389.339	1159.8709
389.711	1540.2166
390.083	2056.2441
390.454	2501.1539
390.826	2399.9387
391.198	1704.7823
391.569	1061.6898
391.941	923.4594
392.312	1003.1937
392.684	1376.5005
393.055	2063.8898
393.427	2963.7824
393.798	4096.3243
394.169	5295.4935
394.541	5004.7123
394.912	3438.3044
395.283	1863.2799
395.654	1375.8937
396.026	1434.5111
396.397	1550.0469
396.768	1556.3576
397.139	1719.1029
397.51	2430.4004
397.881	3787.0962
398.251	5456.1756
398.622	7946.0201
398.993	10248.4831
399.364	9340.4593
399.735	5919.6537
400.105	2608.073
400.476	1320.0676
400.846	1026.2523
401.217	1011.0822
401.587	1176.376
401.958	1531.7213
402.328	2077.4823
402.699	2991.6955
403.069	4434.8005
403.439	6348.3011
403.81	8901.2534
404.18	13127.7755
404.55	16095.0547
404.92	14195.7533
405.29	8047.5994
405.66	3268.5202
406.03	1418.6128
406.4	909.6243
406.77	796.1516
407.14	816.6617
407.51	944.9404
407.88	1171.0361
408.25	1550.775
408.619	2134.4006
408.989	3039.5118
409.359	4320.1142
409.728	5996.9607
410.098	8539.1119
410.467	11526.2943
410.837	11843.8963
411.206	8554.8888
411.576	4288.0749
411.945	1885.2463
412.314	1266.4259
412.683	1256.1103
413.053	1500.2888
413.422	1911.2175
413.791	2523.9698
414.16	2794.4837
414.529	2418.2643
414.898	1644.9513
415.267	964.3581
415.636	704.2813
416.005	644.5716
416.374	684.1353
416.743	850.8855
417.111	1168.0021
417.48	1651.1407
417.849	2209.4018
418.217	2990.846
418.586	3989.1625
418.955	4236.9819
419.323	3412.2118
419.692	2031.8505
420.06	1042.7574
420.428	719.2087
420.797	634.1346
421.165	622.3625
421.533	681.2227
421.902	774.428
422.27	934.0179
422.638	1227.469
423.006	1707.6949
423.374	2373.1179
423.742	3110.6294
424.11	4108.2177
424.478	5475.2293
424.846	6035.3108
425.214	4967.6971
425.582	3046.9148
425.949	1546.1633
426.317	872.6091
426.685	702.3395
427.052	647.4843
427.42	677.4605
427.788	725.2768
428.155	840.5698
428.523	966.7854
428.89	1123.948
429.257	1348.5874
429.625	1709.8794
429.992	2237.6789
430.359	2933.8063
430.726	3901.4184
431.094	5385.5434
431.461	6412.5011
431.828	5986.8877
432.195	4273.3902
432.562	2535.3777
432.929	1241.4256
433.296	761.4424
433.663	579.0366
434.03	517.7493
434.396	495.2974
434.763	493.3557
435.13	529.2786
435.497	555.1285
435.863	618.3576
436.23	720.7864
436.596	879.1626
436.963	1099.4331
437.329	1387.6657
437.696	1782.4534
438.062	2296.5391
438.428	3062.6918
438.795	3961.0067
439.161	4201.5444
439.527	3767.3144
439.893	3096.1874
440.26	2457.0998
440.626	1792.8904
440.992	1187.4199
441.358	808.7732
441.724	572.6045
442.09	490.9284
442.455	485.1031
442.821	470.4184
443.187	508.8899
443.553	571.9977
443.919	688.1403
444.284	827.9483
444.65	1048.8255
445.015	1280.1398
445.381	1626.1403
445.746	2154.3038
446.112	2376.0306
446.477	2096.6573
446.843	1491.4294
447.208	979.0428
447.573	650.5183
447.939	502.215
448.304	487.1663
448.669	470.2971
449.034	506.3413
449.399	530.1281
449.764	553.7935
450.129	578.5512
450.494	593.1145
450.859	684.014
451.224	801.7343
451.589	994.213
451.953	1178.9246
452.318	1438.0306
452.683	1822.988
453.048	2402.0019
453.412	2606.0099
453.777	2326.8793
454.141	1681.1169
454.506	1133.4142
454.87	725.7622
455.235	528.0649
455.599	451.9715
455.963	447.4812
456.328	426.3643
456.692	432.6751
457.056	449.5443
457.42	460.2241
457.784	464.8358
458.148	512.288
458.512	523.4532
458.876	610.1051
459.24	692.8733
459.604	785.8359
459.968	946.8821
460.332	1086.3261
460.695	1332.4464
461.059	1635.4851
461.423	2121.6577
461.787	2229.9118
462.15	1985.4905
462.514	1396.6464
462.877	982.4409
463.241	681.9508
463.604	508.8899
463.967	439.2286
464.331	445.1753
464.694	427.5779
465.057	443.5976
465.421	450.6366
465.784	443.5976
466.147	462.0445
466.51	494.0838
466.873	545.2982
467.236	612.8964
467.599	700.2764
467.962	800.642
468.325	963.63
468.688	1163.3904
469.05	1351.5001
469.413	1347.7379
469.776	1244.5809
470.138	1144.2153
470.501	1230.139
470.864	1244.5809
471.226	1126.6179
471.589	896.5173
471.951	695.9074
472.313	587.5319
472.676	474.5447
473.038	454.3988
473.4	448.9375
473.763	480.6128
474.125	534.2544
474.487	584.0124
474.849	670.1788
475.211	769.3308
475.573	871.0314
475.935	1033.2913
476.297	1220.9155
476.659	1231.3526
477.021	1006.7132
477.383	778.5543
477.744	646.7561
478.106	537.6525
478.468	489.7148
478.829	463.6222
479.191	466.4135
479.552	475.8797
479.914	479.0351
480.275	480.6128
480.637	468.598
480.998	464.1076
481.36	470.1757
481.721	442.5054
482.082	458.2823
482.443	465.6853
482.804	505.3704
483.166	573.2113
483.527	626.6102
483.888	680.3731
484.249	752.583
484.61	883.4103
484.97	1037.7816
485.331	1305.5042
485.692	1317.6403
486.053	1103.8021
486.414	813.1422
486.774	662.0476
487.135	560.347
487.496	466.2921
487.856	425.6362
488.217	420.2963
488.577	416.2914
488.938	414.2282
489.298	429.6411
489.658	436.5587
490.019	429.8838
490.379	439.7141
490.739	457.0687
491.099	457.1901
491.459	487.409
491.819	491.5353
492.179	504.1568
492.539	532.798
492.899	570.5413
493.259	601.003
493.619	639.1104
493.979	689.1111
494.339	762.2919
494.698	842.2689
495.058	939.6005
495.418	1098.5835
495.777	1224.7991
496.137	1171.1575
496.497	963.8727
496.856	742.7528
497.215	635.8336
497.575	578.7939
497.934	502.0937
498.293	510.1035
498.653	481.2196
499.012	514.7152
499.371	529.0358
499.73	539.837
500.089	593.1145
500.448	609.2555
500.807	681.7081
501.166	762.656
501.525	804.6469
501.884	747.2431
502.243	636.5618
502.602	539.3515
502.96	512.6521
503.319	479.7632
503.678	450.5152
504.036	472.6029
504.395	467.5058
504.754	517.2638
505.112	536.5602
505.47	577.823
505.829	610.8332
506.187	643.9648
506.546	703.9172
506.904	759.986
507.262	807.8023
507.62	836.0794
507.978	747.3645
508.336	746.5149
508.694	736.8061
509.052	785.3505
509.41	793.9671
509.768	863.6284
510.126	900.1581
510.484	996.6402
510.842	1098.4622
511.2	977.2224
511.557	805.6178
511.915	730.1312
512.273	700.8832
512.63	630.6151
512.988	597.2408
513.345	576.8521
513.703	546.9973
514.06	534.133
514.417	519.8124
514.775	518.5988
515.132	489.5935
515.489	503.3073
515.846	482.3118
516.203	491.6566
516.56	529.3999
516.918	556.7062
517.275	573.9394
517.632	596.2699
517.988	604.6438
518.345	616.2945
518.702	628.3092
519.059	661.5622
519.416	730.1312
519.772	761.8064
520.129	863.2643
520.486	923.3381
520.842	981.2273
521.199	1049.3109
521.555	1152.5892
521.912	1236.9352
522.268	1228.4399
522.624	1114.3605
522.981	963.2659
523.337	908.2893
523.693	877.3422
524.049	849.1864
524.405	842.8757
524.762	903.3135
525.118	888.3861
525.474	849.6719
525.829	786.8068
526.185	703.7958
526.541	627.9451
526.897	596.9981
527.253	563.1383
527.609	550.7595
527.964	558.7693
528.32	598.0903
528.676	572.8472
529.031	530.0067
529.387	509.6181
529.742	482.6759
530.098	498.3315
530.453	510.3462
530.808	538.502
531.164	566.051
531.519	583.8911
531.874	592.265
532.229	576.3667
532.584	569.6918
532.939	596.5126
533.294	629.1588
533.649	650.2756
534.004	695.0578
534.359	764.7191
534.714	842.7543
535.069	841.9048
535.424	772.6076
535.778	742.6314
536.133	673.8196
536.488	721.1505
536.842	670.3002
537.197	656.7077
537.551	712.2911
537.906	790.6904
538.26	862.9003
538.615	942.0277
538.969	1030.3786
539.323	1114.8459
539.677	1144.5794
540.032	1229.7749
540.386	1227.5904
540.74	1327.1065
541.094	1369.3402
541.448	1307.0819
541.802	1312.4218
542.156	1293.6108
542.51	1370.9179
542.864	1359.9954
543.217	1348.4661
543.571	1374.4373
543.925	1390.2143
544.278	1489.1236
544.632	1460.9678
544.986	1369.5829
545.339	1271.0377
545.693	1251.7413
546.046	1249.6781
546.4	1258.1734
546.753	1246.5227
547.106	1248.3431
547.459	1307.2033
547.813	1375.8937
548.166	1332.4464
548.519	1275.528
548.872	1192.517
549.225	1213.9979
549.578	1263.9987
549.931	1250.2849
550.284	1226.9836
550.637	1196.1579
550.99	1208.294
551.343	1235.3575
551.695	1223.7068
552.048	1164.2399
552.401	1035.1117
552.753	974.7952
553.106	959.3823
553.458	959.261
553.811	962.6591
554.163	978.436
554.516	1019.3347
554.868	1033.4126
555.22	1067.0296
555.572	1049.7964
555.925	1004.2859
556.277	988.7517
556.629	937.2946
556.981	887.9006
557.333	808.6518
557.685	751.4908
558.037	732.6798
558.389	732.6798
558.741	754.8889
559.092	774.1853
559.444	741.9032
559.796	720.7864
560.148	747.8499
560.499	763.7482
560.851	787.4136
561.202	794.0885
561.554	754.6461
561.905	752.8257
562.257	730.0098
562.608	744.5732
562.959	765.5686
563.311	734.6216
563.662	696.1501
564.013	638.0181
564.364	599.4253
564.715	571.2695
565.066	567.2646
565.417	553.7935
565.768	548.9391
566.119	527.7009
566.47	515.322
566.821	520.9046
567.172	502.4578
567.522	484.6177
567.873	484.6177
568.224	482.5545
568.574	476.8506
568.925	483.8895
569.275	504.2782
569.626	493.3557
569.976	501.0014
570.327	497.4819
570.677	471.7534
571.027	457.3114
571.377	484.1322
571.728	467.1417
572.078	492.0207
572.428	499.4237
572.778	507.6763
573.128	528.1863
573.478	548.0895
573.828	592.0223
574.178	664.9603
574.528	739.7187
574.877	815.084
575.227	920.7895
575.577	1132.4433
575.926	1424.5595
576.276	1744.4674
576.626	2159.0369
576.975	2355.2778
577.325	2467.2941
577.674	2447.5123
578.023	2645.4523
578.373	2715.1135
578.722	2840.1155
579.071	2839.1446
579.421	2654.1903
579.77	2348.8457
580.119	2156.1243
580.468	2186.7073
580.817	2404.6718
581.166	2746.0606
581.515	3157.9602
581.864	3379.0802
582.213	3470.101
582.561	3453.7173
582.91	3672.1673
583.259	3721.4399
583.608	3858.3352
583.956	3731.7556
584.305	3389.5172
584.653	2823.0036
585.002	2529.9165
585.35	2437.3179
585.699	2521.7853
586.047	2760.7453
586.395	3084.6581
586.744	3285.268
587.092	3379.9297
587.44	3315.1229
587.788	3417.7944
588.136	3580.4183
588.484	3569.7385
588.832	3591.2194
589.18	3280.2922
589.528	2792.1778
589.876	2284.2816
590.224	2148.7212
590.571	2122.7499
590.919	2233.674
591.267	2455.8862
591.615	2734.1672
591.962	2795.8187
592.31	2865.7227
592.657	2791.9351
593.005	2932.1072
593.352	3030.8951
593.699	3100.7991
594.047	3018.2736
594.394	2740.9634
594.741	2277.2426
595.088	1886.8239
595.435	1783.0602
595.783	1768.0114
596.13	1885.9744
596.477	2085.6134
596.824	2347.9962
597.17	2439.2597
597.517	2465.231
597.864	2462.4397
598.211	2496.6635
598.558	2584.1649
598.904	2646.3018
599.251	2672.1517
599.598	2424.3323
599.944	2114.2547
600.291	1732.574
600.637	1604.0526
600.983	1599.9263
601.33	1676.8692
601.676	1849.5661
602.022	2041.438
602.369	2274.33
602.715	2315.9568
603.061	2313.7723
603.407	2338.8941
603.753	2456.7357
604.099	2496.5422
604.445	2629.5539
604.791	2522.5134
605.137	2323.6026
605.483	1914.737
605.828	1672.2575
606.174	1601.9894
606.52	1642.4027
606.866	1729.904
607.211	1951.6308
607.557	2169.9594
607.902	2353.2147
608.248	2441.6869
608.593	2436.9539
608.938	2425.91
609.284	2563.2908
609.629	2619.7237
609.974	2694.3608
610.319	2639.2628
610.665	2387.1958
611.01	1963.1601
611.355	1557.814
611.7	1415.8215
612.045	1303.5624
612.39	1201.7405
612.734	1236.5711
613.079	1282.3243
613.424	1372.8596
613.769	1402.229
614.113	1398.3455
614.458	1391.1852
614.803	1378.3209
615.147	1485.8468
615.492	1454.657
615.836	1538.6389
616.18	1430.6275
616.525	1326.6211
616.869	1124.3121
617.213	1012.1744
617.558	969.698
617.902	971.1544
618.246	967.7563
618.59	1035.5971
618.934	1103.0739
619.278	1144.9435
619.622	1150.6474
619.966	1162.4195
620.31	1133.1714
620.654	1158.1718
620.997	1174.7983
621.341	1160.3563
621.685	1183.5363
622.028	1127.5888
622.372	1068.8501
622.715	922.7313
623.059	846.7592
623.402	840.9339
623.746	823.2152
624.089	877.8277
624.432	971.6398
624.776	1095.1854
625.119	1245.0664
625.462	1416.0642
625.805	1563.3966
626.148	1552.5954
626.491	1556.9644
626.834	1571.4064
627.177	1620.9218
627.52	1662.7913
627.863	1619.5868
628.206	1635.2424
628.549	1539.6098
628.891	1429.6566
629.234	1206.959
629.577	1071.0346
629.919	1019.2134
630.262	981.4701
630.604	981.3487
630.947	1041.7865
631.289	1143.4871
631.631	1323.8298
631.974	1536.0903
632.316	1791.4341
632.658	1968.7427
633	2003.6947
633.342	2030.8796
633.684	2021.6561
634.026	2073.2346
634.368	2204.1833
634.71	2134.1579
635.052	2164.3768
635.394	2111.342
635.736	1963.1601
636.078	1663.2768
636.419	1389.7288
636.761	1280.5038
637.103	1187.2985
637.444	1150.0406
637.786	1151.497
638.127	1215.9397
638.468	1383.5394
638.81	1614.4896
639.151	1869.2266
639.492	2120.3227
639.834	2302.3644
640.175	2306.1266
640.516	2315.4714
640.857	2348.2389
641.198	2433.5558
641.539	2536.1059
641.88	2481.372
642.221	2527.8533
642.562	2433.9198
642.903	2207.46
643.244	1868.6198
643.584	1578.324
643.925	1436.9383
644.266	1333.66
644.606	1252.7121
644.947	1252.8335
645.287	1354.7768
645.628	1506.5996
645.968	1761.7006
646.308	2072.7492
646.649	2414.2593
646.989	2665.7196
647.329	2781.134
647.669	2773.1241
648.009	2755.4054
648.35	2790.3574
648.69	2989.8751
649.03	3026.2834
649.369	2994.1227
649.709	3000.4335
650.049	2857.3488
650.389	2543.6303
650.729	2047.6274
651.068	1810.2451
651.408	1662.7913
651.748	1549.076
652.087	1479.0506
652.427	1527.3523
652.766	1660.2428
653.106	1916.072
653.445	2276.8786
653.784	2678.2198
654.124	3110.8721
654.463	3449.7123
654.802	3577.3842
655.141	3626.4141
655.48	3599.2292
655.819	3667.0701
656.159	3844.0146
656.497	3963.9194
656.836	3932.0014
657.175	4022.5368
657.514	3931.6373
657.853	3563.185
658.192	2894.3639
658.53	2430.1576
658.869	2248.116
659.207	2044.2293
659.546	1973.7185
659.885	1975.5389
660.223	2128.9394
660.561	2429.5508
660.9	2864.6304
661.238	3460.7562
661.576	4116.9557
661.915	4786.7477
662.253	5348.0428
662.591	5508.3609
662.929	5574.1386
663.267	5496.1034
663.605	5679.3587
663.943	5949.9939
664.281	6259.2221
664.619	6171.1139
664.956	6247.2073
665.294	6070.6269
665.632	5620.2558
665.969	4542.8119
666.307	3598.8651
666.645	3213.7863
666.982	2873.7325
667.32	2547.8779
667.657	2319.2336
667.994	2261.4657
668.332	2388.4094
668.669	2629.1899
669.006	2949.0978
669.343	3441.8239
669.681	3919.3798
670.018	4464.2912
670.355	4949.1289
670.692	4790.1458
671.029	4715.266
671.366	4686.6248
671.702	4795.0003
672.039	4981.6536
672.376	5121.0976
672.713	4967.8185
673.049	5029.3486
673.386	4900.8271
673.723	4439.5336
674.059	3537.8205
674.396	2797.7604
674.732	2462.197
675.068	2178.0906
675.405	1886.0958
675.741	1716.5543
676.077	1568.251
676.414	1551.9886
676.75	1656.6019
677.086	1794.1041
677.422	2023.962
677.758	2327.0007
678.094	2548.242
678.43	2859.5333
678.766	2960.6271
679.101	2985.7488
679.437	2898.7329
679.773	2883.32
680.109	2908.0777
680.444	3078.1046
680.78	3093.3961
681.115	3062.5704
681.451	3078.7114
681.786	2955.5299
682.122	2684.1664
682.457	2074.3269
682.792	1698.3501
683.128	1519.2211
683.463	1337.7863
683.798	1149.1911
684.133	976.2515
684.468	900.4008
684.803	852.0991
685.138	872.1237
685.473	876.4927
685.808	945.0617
686.143	1015.4512
686.478	1086.5688
686.812	1181.2304
687.147	1231.2312
687.482	1252.4694
687.816	1236.6925
688.151	1183.1722
688.485	1215.9397
688.82	1211.0853
689.154	1272.6154
689.489	1246.6441
689.823	1245.4305
690.157	1233.6584
690.491	1172.9779
690.826	1059.3839
691.16	849.9146
691.494	745.9081
691.828	694.2083
692.162	611.44
692.496	563.8665
692.83	531.2203
693.164	505.8559
693.497	497.2392
693.831	462.2872
694.165	464.3504
694.498	459.4959
694.832	471.5107
695.166	473.6952
695.499	470.1757
695.833	454.7628
696.166	465.9281
696.499	471.5107
696.833	477.336
697.166	471.5107
697.499	482.9186
697.832	474.1806
698.166	532.1912
698.499	453.1851
698.832	445.7821
699.165	444.5685
699.498	456.9473
699.83	445.1753
700.163	431.9469
700.496	428.1848
700.829	434.8596
701.162	421.6313
701.494	446.3889
701.827	453.5492
702.159	452.457
702.492	463.5008
702.824	483.04
703.157	498.8169
703.489	478.9137
703.821	504.2782
704.154	509.4967
704.486	486.6808
704.818	514.1084
705.15	481.5836
705.482	479.6419
705.814	472.4816
706.146	460.4668
706.478	480.37
706.81	467.6271
707.142	470.5398
707.474	472.6029
707.806	476.6078
708.137	456.9473
708.469	505.9772
708.801	487.8944
709.132	474.0593
709.464	467.9912
709.795	485.8313
710.127	475.3942
710.458	475.5156
710.789	480.4914
711.121	476.8506
711.452	472.3602
711.783	465.3213
712.114	477.336
712.445	494.4479
712.776	505.6131
713.107	482.9186
713.438	522.1183
713.769	547.1186
714.1	576.0026
714.431	605.2506
714.761	660.4699
715.092	677.2178
715.423	716.5388
715.753	696.5142
716.084	713.7474
716.414	695.3006
716.745	712.0484
717.075	712.7766
717.406	709.6212
717.736	726.9758
718.066	729.6458
718.396	726.7331
718.727	719.9369
719.057	721.2718
719.387	692.9947
719.717	638.8676
720.047	574.5463
720.377	579.6434
720.707	546.1478
721.037	561.4393
721.366	538.2593
721.696	537.7738
722.026	539.837
722.355	546.1478
722.685	594.5708
723.015	608.8914
723.344	656.2223
723.674	709.3784
724.003	766.5395
724.332	851.735
724.662	951.7366
724.991	1088.5106
725.32	1182.4441
725.649	1313.5141
725.978	1431.113
726.307	1522.4979
726.636	1539.1244
726.965	1534.7554
727.294	1544.1002
727.623	1574.8045
727.952	1569.7074
728.281	1633.786
728.61	1692.4034
728.938	1687.549
729.267	1616.5528
729.595	1618.6159
729.924	1661.2136
730.253	1559.8771
730.581	1343.3689
730.909	1142.759
731.238	1096.2777
731.566	992.3926
731.894	922.4886
732.222	863.9925
732.551	804.2828
732.879	801.6129
733.207	794.3312
733.535	846.1524
733.863	862.2934
734.191	912.6583
734.519	977.7079
734.846	1067.5151
735.174	1182.3227
735.502	1309.3878
735.829	1493.1285
736.157	1656.4806
736.485	1888.8871
736.812	2064.618
737.14	2219.8388
737.467	2354.5497
737.795	2416.8079
738.122	2339.1368
738.449	2259.0385
738.776	2331.6124
739.104	2351.8797
739.431	2400.5455
739.758	2539.3826
740.085	2506.1297
740.412	2396.1765
740.739	2298.2381
741.066	2429.1868
741.393	2306.2479
741.719	2014.3745
742.046	1592.1592
742.373	1413.1515
742.699	1294.8244
743.026	1188.2694
743.353	1053.3158
743.679	935.3528
744.006	868.3615
744.332	845.9097
744.658	891.6628
744.985	936.6878
745.311	967.8776
745.637	1055.5003
745.963	1152.2251
746.289	1230.0176
746.616	1391.5493
746.942	1594.2223
747.268	1756.7248
747.593	1943.2569
747.919	2184.1587
748.245	2440.352
748.571	2581.9804
748.897	2807.9548
749.222	2913.7817
749.548	2931.9858
749.874	2814.751
750.199	2785.9884
750.525	2838.0523
750.85	2869.4849
751.175	2917.5439
751.501	2973.0059
751.826	2916.573
752.151	2703.0988
752.477	2679.7974
752.802	2796.1828
753.127	2613.8984
753.452	2227.4846
753.777	1790.7059
754.102	1601.0185
754.427	1438.8801
754.752	1330.626
755.076	1157.2009
755.401	1037.5389
755.726	901.8572
756.051	840.8125
756.375	818.118
756.7	847.366
757.024	861.2012
757.349	875.8859
757.673	927.2216
757.997	1005.985
758.322	1115.8168
758.646	1204.1677
758.97	1351.9855
759.294	1493.8567
759.619	1685.7286
759.943	1906.8485
760.267	2072.5064
760.591	2263.7716
760.915	2388.5308
761.238	2438.4102
761.562	2429.1868
761.886	2335.1319
762.21	2361.5886
762.534	2403.5796
762.857	2412.803
763.181	2483.9206
763.504	2631.6171
763.828	2603.3399
764.151	2496.6635
764.475	2372.8752
764.798	2490.11
765.121	2479.0662
765.444	2242.6547
765.768	1824.8084
766.091	1514.2453
766.414	1362.0585
766.737	1283.2951
767.06	1179.6528
767.383	1058.7771
767.706	944.0908
768.029	883.8957
768.351	847.0019
768.674	844.0893
768.997	857.5604
769.32	899.6727
769.642	951.3725
769.965	1011.689
770.287	1134.5064
770.61	1204.7745
770.932	1319.4608
771.255	1480.7497
771.577	1655.8738
771.899	1882.2122
772.221	2152.6048
772.543	2408.6767
772.866	2640.1124
773.188	2819.7268
773.51	3001.5258
773.832	2999.584
774.154	2962.8116
774.475	2843.6349
774.797	2824.9453
775.119	2940.2384
775.441	2956.7435
775.762	2942.5443
776.084	3115.2411
776.406	3132.353
776.727	3007.8365
777.049	2750.7937
777.37	2928.345
777.691	2961.4766
778.013	2668.0254
778.334	2134.8861
778.655	1652.1116
778.976	1446.7686
779.298	1314.3636
779.619	1172.7352
779.94	989.9653
780.261	850.1573
780.582	691.6597
780.903	590.0805
781.223	546.5118
781.544	510.1035
781.865	507.1908
782.186	487.8944
782.506	484.2536
782.827	462.0445
783.147	489.108
783.468	478.3069
783.788	482.7973
784.109	492.3848
784.429	487.5303
784.749	508.2831
785.07	513.8657
785.39	528.429
785.71	553.3081
786.03	565.9296
786.35	562.2888
786.67	586.9251
786.99	603.9156
787.31	586.0756
787.63	591.2941
787.95	586.561
788.269	587.1678
788.589	550.0313
788.909	582.4347
789.228	548.6963
789.548	538.7447
789.867	566.051
790.187	536.9243
790.506	548.9391
790.826	538.7447
791.145	502.3364
791.464	501.7296
791.783	501.0014
792.102	509.6181
792.422	473.9379
792.741	460.3454
793.06	436.5587
793.379	437.0441
793.697	419.0827
794.016	413.0146
794.335	382.3103
794.654	388.8638
794.973	393.5968
795.291	378.3053
795.61	372.6014
795.928	374.5431
796.247	389.956
796.565	348.6932
796.884	384.8588
797.202	381.7034
797.52	377.6985
797.839	398.694
798.157	404.7621
798.475	401.1212
798.793	399.9076
799.111	410.2233
799.429	409.8592
799.747	429.0343
800.065	438.8645
800.383	471.8748
800.701	466.5349
801.019	494.4479
801.336	487.7731
801.654	524.6668
801.972	516.7784
802.289	534.3757
802.607	522.8464
802.924	538.7447
803.242	524.06
803.559	518.1133
803.876	538.502
804.194	530.3708
804.511	513.0162
804.828	536.1961
805.145	543.2351
805.462	533.4048
805.779	544.6914
806.096	512.0453
806.413	526.0018
806.73	531.3417
807.047	524.5455
807.363	496.2683
807.68	485.8313
807.997	474.7874
808.313	462.0445
808.63	446.753
808.947	437.8936
809.263	435.9519
809.579	405.0048
809.896	398.694
810.212	403.7912
810.528	401.3639
810.845	391.7764
811.161	388.8638
811.477	391.7764
811.793	382.9171
812.109	386.1938
812.425	385.2229
812.741	388.8638
813.057	397.7231
813.373	373.2082
813.688	383.0384
814.004	385.1016
814.32	374.4218
814.635	364.4702
814.951	396.6309
815.266	368.2324
815.582	380.1258
815.897	395.9027
816.213	384.6161
816.528	380.6112
816.843	385.1016
817.158	382.4316
817.474	454.3988
817.789	395.2959
818.104	393.5968
818.419	385.1016
818.734	387.0433
819.049	381.5821
819.364	384.9802
819.678	391.1696
819.993	386.8006
820.308	394.325
820.622	455.3696
820.937	399.5435
821.252	398.0872
821.566	399.6649
821.881	402.3348
822.195	397.4804
822.509	392.3832
822.824	378.9121
823.138	368.111
823.452	370.6596
823.766	387.7715
824.08	400.9999
824.395	366.2906
824.709	379.3976
825.022	382.0675
825.336	358.8876
825.65	374.7859
825.964	361.0721
826.278	373.9363
826.592	355.3681
826.905	380.0044
827.219	354.2758
827.532	369.8101
827.846	396.2668
828.159	366.8974
828.473	387.2861
828.786	371.9946
829.099	383.6452
829.413	363.1352
829.726	370.7809
830.039	387.4074
830.352	379.5189
830.665	367.8683
830.978	392.3832
831.291	385.4656
831.604	387.2861
831.917	393.9609
832.23	380.2471
832.542	381.0966
832.855	384.1307
833.168	392.5046
833.48	395.66
833.793	408.0388
834.105	393.2328
834.418	407.9174
834.73	414.1069
835.043	384.9802
835.355	393.4755
835.667	393.4755
835.979	392.5046
836.291	377.8199
836.604	394.2036
836.916	372.9654
837.228	381.9462
837.539	398.3299
837.851	387.7715
838.163	375.3927
838.475	372.3586
838.787	379.0335
839.098	374.1791
839.41	356.7031
839.722	358.4021
840.033	355.4894
840.345	378.9121
840.656	367.6256
840.967	359.4944
841.279	354.0331
841.59	348.5719
841.901	351.2418
842.212	356.2176
842.524	348.8146
842.835	351.4845
843.146	363.2566
843.457	349.7855
843.768	360.5866
844.079	348.5719
844.389	361.6789
844.7	352.9409
845.011	374.3004
845.321	380.6112
845.632	370.6596
845.943	367.2615
846.253	372.7227
846.564	373.5723
846.874	383.2811
847.184	375.3927
847.495	385.9511
847.805	384.3734
848.115	412.0437
848.425	408.8883
848.736	430.3693
849.046	442.9908
849.356	445.418
849.666	471.632
849.975	482.5545
850.285	482.0691
850.595	480.4914
850.905	498.2101
851.215	491.778
851.524	495.7829
851.834	501.0014
852.143	509.254
852.453	513.623
852.762	570.6627
853.072	515.9288
853.381	520.4192
853.69	506.8268
854	508.5258
854.309	531.3417
854.618	527.0941
854.927	523.8173
855.236	517.1424
855.545	508.8899
855.854	532.9194
856.163	533.6476
856.472	501.7296
856.781	467.263
857.089	448.5734
857.398	434.3742
857.707	435.5878
858.015	438.8645
858.324	449.3016
858.632	425.8789
858.941	416.2914
859.249	402.3348
859.557	394.9318
859.866	413.2573
860.174	414.835
860.482	399.0581
860.79	408.8883
861.098	401.2426
861.406	422.2381
861.714	506.584
862.022	444.0831
862.33	440.5636
862.638	453.0638
862.946	458.0396
863.253	481.9477
863.561	509.3753
863.869	507.1908
864.176	528.5504
864.484	531.7058
864.791	586.1969
865.098	600.6389
865.406	673.8196
865.713	687.1694
866.02	719.5728
866.328	760.3501
866.635	798.9429
866.942	863.9925
867.249	930.6198
867.556	1000.7665
867.863	1061.9325
868.17	1073.7045
868.476	1111.0837
868.783	1160.3563
869.09	1176.376
869.397	1137.5404
869.703	1073.9472
870.01	1057.9276
870.316	1060.9616
870.623	1142.8803
870.929	1178.9246
871.236	1135.2346
871.542	1092.1514
871.848	1154.6524
872.155	1229.2894
872.461	1217.2747
872.767	1088.6319
873.073	989.7226
873.379	1022.9756
873.685	1101.9816
873.991	1166.6671
874.297	1067.6364
874.602	931.712
874.908	784.1369
875.214	705.9803
875.52	667.6302
875.825	653.431
876.131	651.4892
876.436	614.8381
876.742	560.2256
877.047	509.1326
877.352	464.1076
877.658	470.2971
877.963	476.4865
878.268	431.0974
878.573	440.5636
878.878	413.9855
879.183	435.8305
879.488	445.418
879.793	452.6997
880.098	449.1802
880.403	459.2532
880.708	475.7583
881.013	490.0789
881.317	493.5984
881.622	502.7005
881.926	524.5455
882.231	557.313
882.535	553.5508
882.84	608.8914
883.144	613.9886
883.449	642.023
883.753	673.6983
884.057	727.4613
884.361	757.1947
884.665	806.7101
884.969	844.2106
885.273	910.1097
885.577	978.3147
885.881	1051.1313
886.185	1126.0111
886.489	1195.5511
886.793	1226.9836
887.096	1222.6146
887.4	1291.0623
887.703	1283.6592
888.007	1250.4063
888.31	1170.4293
888.614	1136.2055
888.917	1127.8316
889.221	1190.6966
889.524	1216.9106
889.827	1203.5609
890.13	1164.9681
890.433	1174.5556
890.736	1246.7654
891.04	1255.7462
891.342	1231.3526
891.645	1144.2153
891.948	1032.8058
892.251	1075.2822
892.554	1158.4146
892.857	1228.804
893.159	1126.2539
893.462	960.1105
893.764	791.0545
894.067	708.1648
894.369	688.5043
894.672	660.1058
894.974	613.8673
895.276	605.2506
895.579	548.575
895.881	499.9092
896.183	468.598
896.485	442.0199
896.787	428.6702
897.089	383.1598
897.391	381.0966
897.693	397.359
897.995	377.2131
898.296	364.2274
898.598	375.6354
898.9	353.9118
899.201	363.2566
899.503	341.6543
899.804	350.5136
900.106	367.0188
900.407	369.3246
900.709	349.9068
901.01	366.776
901.311	359.8584
901.612	355.004
901.914	347.601
902.215	331.4599
902.516	320.5374
902.817	341.5329
903.118	341.0475
903.418	343.1106
903.719	335.2221
904.02	346.1446
904.321	343.232
904.621	343.3533
904.922	335.5862
905.223	340.6834
905.523	329.3968
905.824	317.2607
906.124	333.0376
906.424	356.339
906.725	330.7318
907.025	320.9015
907.325	322.7219
907.625	327.9405
907.925	345.9019
908.225	336.4358
908.525	326.7269
908.825	344.931
909.125	341.5329
909.425	351.7273
909.725	359.8584
910.025	357.5526
910.324	340.0766
910.624	343.232
910.924	347.2369
911.223	338.2562
911.523	352.0913
911.822	345.2951
912.121	347.2369
912.421	328.79
912.72	339.9552
913.019	358.7662
913.318	342.3824
913.617	358.2808
913.916	367.6256
914.215	372.2373
914.514	376.2422
914.813	364.2274
915.112	372.8441
915.411	377.2131
915.71	373.5723
916.008	367.5042
916.307	375.8781
916.606	353.669
916.904	347.3583
917.203	344.3242
917.501	373.2082
917.799	353.7904
918.098	368.8392
918.396	358.2808
918.694	367.0188
918.992	346.3874
919.29	358.038
919.588	365.4411
919.886	359.2516
920.184	362.5284
920.482	368.111
920.78	364.3488
921.078	363.3779
921.376	377.9413
921.673	365.4411
921.971	350.7564
922.269	362.0429
922.566	359.9798
922.864	359.1303
923.161	347.3583
923.458	337.1639
923.756	384.252
924.053	347.4796
924.35	359.8584
924.647	358.7662
924.944	319.0811
925.241	341.4116
925.538	324.6637
925.835	328.4259
926.132	332.4308
926.429	346.6301
926.726	313.7412
927.023	333.7658
927.319	317.2607
927.616	326.6055
927.913	337.528
928.209	331.4599
928.506	336.9212
928.802	364.2274
929.098	346.9942
929.395	335.1008
929.691	335.5862
929.987	320.6588
930.283	333.4017
930.579	346.9942
930.875	331.9454
931.171	327.6978
931.467	332.3095
931.763	335.2221
932.059	313.9839
932.355	317.8675
932.651	334.0085
932.946	331.9454
933.242	334.6153
933.537	330.0036
933.833	321.1443
934.128	331.5813
934.424	358.6448
934.719	323.6928
935.014	352.0913
935.31	335.4649
935.605	323.3288
935.9	336.5571
936.195	341.2902
936.49	336.3144
936.785	351.7273
937.08	359.2516
937.375	336.3144
937.67	360.3439
937.965	352.3341
938.259	350.635
938.554	362.7711
938.849	342.8679
939.143	355.3681
939.438	356.0963
939.732	353.9118
940.027	355.9749
940.321	412.2864
940.615	328.0618
940.91	334.9794
941.204	350.8777
941.498	338.7416
941.792	352.8195
942.086	357.1885
942.38	355.1254
942.674	354.6399
942.968	330.9745
943.262	349.1787
943.555	342.0184
943.849	343.9601
944.143	348.4505
944.436	347.7223
944.73	346.8728
945.023	333.2804
945.317	352.4554
945.61	344.0815
945.904	351.3632
946.197	341.4116
946.49	345.0524
946.783	341.6543
947.076	313.2558
947.369	332.6736
947.662	333.5231
947.955	345.4165
948.248	335.3435
948.541	352.6981
948.834	324.1783
949.127	331.2172
949.42	332.0668
949.712	342.8679
950.005	334.0085
950.297	316.4112
950.59	317.2607
950.882	315.9257
951.175	331.0959
951.467	348.6932
951.759	324.1783
952.051	316.1684
952.344	332.6736
952.636	315.4403
952.928	322.3579
953.22	319.9306
953.512	339.1057
953.804	319.6879
954.095	319.3238
954.387	308.8868
954.679	317.9889
954.971	341.5329
955.262	323.9356
955.554	321.6297
955.845	333.5231
956.137	333.2804
956.428	324.1783
956.72	326.3628
957.011	325.1492
957.302	335.8289
957.593	338.2562
957.885	334.1299
958.176	328.1832
958.467	340.1979
958.758	318.2316
959.049	331.3386
959.34	324.6637
959.63	338.7416
959.921	312.5276
960.212	326.2414
960.503	324.9064
960.793	318.5957
961.084	336.9212
961.374	318.1102
961.665	367.0188
961.955	340.8048
962.245	321.8724
962.536	330.9745
962.826	339.4698
963.116	331.7027
963.406	342.1397
963.696	326.7269
963.986	327.6978
964.276	350.0282
964.566	358.1594
964.856	350.9991
965.146	350.8777
965.436	327.9405
965.725	330.125
966.015	350.635
966.305	325.3919
966.594	345.5378
966.884	336.193
967.173	346.6301
967.463	342.2611
967.752	319.6879
968.041	342.3824
968.33	323.8142
968.62	336.3144
968.909	330.0036
969.198	330.0036
969.487	357.1885
969.776	332.5522
970.065	343.5961
970.353	336.5571
970.642	320.5374
970.931	324.9064
971.22	330.125
971.508	326.1201
971.797	340.9261
972.085	327.6978
972.374	321.6297
972.662	337.2853
972.951	325.1492
973.239	341.6543
973.527	346.7514
973.815	320.5374
974.103	334.494
974.392	336.3144
974.68	316.2898
974.968	322.4792
975.255	356.5817
975.543	330.9745
975.831	326.4841
976.119	328.3046
976.407	327.6978
976.694	326.7269
976.982	321.7511
977.269	324.2996
977.557	326.1201
977.844	313.3771
978.132	340.8048
978.419	331.5813
978.706	317.6248
978.994	342.2611
979.281	308.4013
979.568	326.1201
979.855	334.2513
980.142	322.1151
980.429	332.1881
980.716	348.0864
981.003	315.1976
981.289	324.9064
981.576	334.3726
981.863	326.8482
982.149	338.0134
982.436	330.9745
982.723	327.3337
983.009	324.0569
983.295	319.9306
983.582	320.9015
983.868	336.0717
984.154	316.4112
984.441	351.7273
984.727	316.6539
985.013	322.4792
985.299	326.2414
985.585	323.4501
985.871	319.9306
986.157	327.9405
986.442	341.6543
986.728	324.0569
987.014	319.4452
987.299	329.7609
987.585	322.6006
987.871	317.8675
988.156	316.0471
988.442	342.5038
988.727	313.8626
989.012	314.5908
989.298	323.4501
989.583	321.5083
989.868	320.052
990.153	314.4694
990.438	322.7219
990.723	322.6006
991.008	341.0475
991.293	339.3484
991.578	325.756
991.863	326.7269
992.147	344.0815
992.432	317.018
992.717	322.3579
993.001	318.2316
993.286	320.9015
993.57	331.3386
993.854	334.0085
994.139	332.6736
994.423	310.8286
994.707	319.4452
994.991	320.5374
995.276	318.4743
995.56	321.0229
995.844	336.3144
996.128	340.1979
996.412	309.0081
996.695	332.5522
996.979	329.7609
997.263	373.6936
997.547	321.5083
997.83	319.9306
998.114	353.4263
998.397	319.5666
998.681	331.0959
998.964	324.0569
999.248	330.7318
999.531	352.2127
999.814	315.5616
1000.097	332.0668
1000.381	327.8191
1000.664	325.1492
1000.947	327.455
1001.23	331.0959
1001.513	358.8876
1001.795	341.1688
1002.078	322.1151
1002.361	335.1008
1002.644	310.3431
1002.926	310.8286
1003.209	315.0762
1003.492	328.79
1003.774	358.8876
1004.057	331.4599
1004.339	334.1299
1004.621	311.6781
1004.903	317.9889
1005.186	324.0569
1005.468	337.1639
1005.75	325.2705
1006.032	319.6879
1006.314	311.314
1006.596	305.4887
1006.878	331.9454
1007.16	325.756
1007.441	314.7121
1007.723	315.8044
1008.005	325.1492
1008.286	317.2607
1008.568	324.0569
1008.849	324.5424
1009.131	317.6248
1009.412	308.1586
1009.694	324.7851
1009.975	330.3677
1010.256	328.0618
1010.537	326.7269
1010.818	321.5083
1011.1	326.8482
1011.381	322.2365
1011.662	306.5809
1011.942	313.3771
1012.223	320.1734
1012.504	320.052
1012.785	339.9552
1013.065	335.1008
1013.346	332.6736
1013.627	314.8335
1013.907	331.4599
1014.188	327.3337
1014.468	331.7027
1014.748	328.6686
1015.029	334.8581
1015.309	352.3341
1015.589	329.5182
1015.869	318.717
1016.149	323.2074
1016.429	314.8335
1016.709	317.2607
1016.989	308.6441
1017.269	317.018
1017.549	317.018
1017.829	317.018
