297.849	-1138.5243
297.92	-1138.5243
297.991	-1138.5243
298.062	-1136.1838
298.133	62.1705
298.204	-190.8999
298.275	-159.3027
298.346	51.6381
298.417	82.9427
298.488	-77.384
298.559	-123.9021
298.63	581.1843
298.701	-140.871
298.772	-68.3144
298.843	-237.1255
298.914	-115.7102
298.985	397.7448
299.056	-40.5205
299.127	262.5789
299.198	-307.049
299.268	332.5024
299.339	382.8239
299.41	65.6813
299.481	484.9297
299.552	168.0797
299.623	134.4345
299.694	340.6942
299.765	-69.7772
299.836	-73.8732
299.907	356.4928
299.977	57.4894
300.048	-12.7267
300.119	76.2137
300.19	374.9246
300.261	142.0413
300.332	35.2543
300.402	118.0508
300.473	218.9864
300.544	-26.4773
300.615	-50.7604
300.686	133.2643
300.756	-139.9933
300.827	241.514
300.898	-205.5283
300.969	12.4341
301.04	-17.7003
301.11	10.0936
301.181	-93.7677
301.252	285.9842
301.323	68.3144
301.393	-139.1156
301.464	56.3191
301.535	94.6454
301.606	92.3049
301.676	-53.1009
301.747	-28.2327
301.818	381.361
301.888	650.8152
301.959	316.7037
302.03	-168.0797
302.1	46.6644
302.171	-5.4125
302.242	290.6653
302.312	-100.4968
302.383	189.4371
302.454	47.5421
302.524	35.5469
302.595	-136.1899
302.666	245.61
302.736	56.6117
302.807	268.7228
302.878	92.89
302.948	-11.849
303.019	230.3965
303.089	129.4609
303.16	-1.9017
303.231	-75.9211
303.301	369.9509
303.372	-5.7051
303.442	145.8446
303.513	26.7699
303.583	34.6692
303.654	178.9047
303.724	-9.5084
303.795	299.7349
303.866	159.0101
303.936	61.5853
304.007	617.7551
304.077	-178.027
304.148	79.4319
304.218	143.7967
304.289	75.6286
304.359	-163.6912
304.43	-181.8304
304.5	148.1852
304.57	215.183
304.641	-1.3166
304.711	149.3554
304.782	574.4552
304.852	275.7444
304.923	247.9505
304.993	80.8948
305.064	335.7206
305.134	312.0227
305.204	319.922
305.275	273.989
305.345	94.3528
305.416	316.7037
305.486	92.89
305.556	51.3455
305.627	229.5188
305.697	240.9289
305.768	59.8299
305.838	234.4924
305.908	366.1476
305.979	111.0292
306.049	312.0227
306.119	233.3222
306.19	227.4708
306.26	327.2361
306.33	349.4712
306.401	75.9211
306.471	372.584
306.541	-116.5879
306.611	507.1648
306.682	122.1467
306.752	464.4501
306.822	231.5668
306.893	190.8999
306.963	27.9401
307.033	218.1087
307.103	10.3861
307.174	247.6579
307.244	118.3433
307.314	510.0905
307.384	428.1718
307.455	210.7945
307.525	-47.5421
307.595	374.9246
307.665	25.8922
307.735	103.1299
307.806	-32.0361
307.876	-49.2975
307.946	45.2016
308.016	314.6558
308.086	513.0162
308.156	63.9259
308.227	225.4228
308.297	305.5862
308.367	222.4972
308.437	348.0084
308.507	176.8567
308.577	34.6692
308.647	-25.8922
308.717	91.1346
308.788	-28.2327
308.858	255.8498
308.928	200.5547
308.998	17.7003
309.068	-25.0145
309.138	245.3174
309.208	65.0961
309.278	63.0482
309.348	56.0266
309.418	352.1043
309.488	165.1541
309.558	487.8554
309.628	290.3727
309.698	100.7893
309.768	168.3723
309.838	-55.1489
309.908	292.1281
309.978	353.2746
310.048	563.6303
310.118	80.8948
310.188	235.9553
310.258	294.7612
310.328	174.8088
310.398	438.7042
310.468	258.1903
310.538	277.2072
310.608	485.8074
310.678	300.0274
310.748	632.6761
310.818	624.7768
310.888	592.5944
310.958	422.9055
311.028	613.6592
311.098	468.2534
311.168	754.6765
311.237	686.5084
311.307	330.1618
311.377	396.5745
311.447	518.5749
311.517	680.0719
311.587	658.7145
311.657	687.6786
311.727	1182.4094
311.796	873.4587
311.866	1120.3852
311.936	684.4604
312.006	955.3774
312.076	867.3148
312.146	994.5814
312.215	940.7491
312.285	1289.4889
312.355	1979.3618
312.425	2213.1228
312.495	2119.7939
312.564	1625.6483
312.634	1302.947
312.704	753.2136
312.774	498.973
312.843	515.0641
312.913	428.4643
312.983	829.8662
313.053	440.7521
313.122	674.2206
313.192	721.0313
313.262	766.3792
313.331	849.1756
313.401	1139.6946
313.471	1207.2776
313.541	1386.3286
313.61	1927.87
313.68	2100.192
313.75	2280.9983
313.819	2696.736
313.889	2594.6301
313.959	2781.5804
314.028	2862.0363
314.098	2646.9996
314.168	3219.8457
314.237	4725.3953
314.307	5489.5802
314.376	5772.1999
314.446	5280.3949
314.516	4588.474
314.585	2993.6915
314.655	1677.1401
314.724	770.7677
314.794	520.6229
314.864	677.7314
314.933	575.6255
315.003	974.6868
315.072	1008.332
315.142	812.8973
315.211	973.8091
315.281	1035.8333
315.351	1086.74
315.42	1186.2128
315.49	1676.2624
315.559	2013.8847
315.629	2396.5623
315.698	2651.3881
315.768	3222.7714
315.837	3417.3284
315.907	4150.5012
315.976	4215.7437
316.046	4777.7648
316.115	5263.1334
316.185	5524.9808
316.254	5706.6649
316.323	5742.9432
316.393	6015.9082
316.462	6827.7815
316.532	8852.6375
316.601	12191.9968
316.671	13977.533
316.74	13943.5952
316.809	12759.5767
316.879	9727.9978
316.948	5045.7561
317.018	2046.0671
317.087	1030.8597
317.156	479.6635
317.226	408.2772
317.295	529.1074
317.364	68.3144
317.434	279.2552
317.503	438.4116
317.573	257.0201
317.642	166.6169
317.711	520.0378
317.781	195.8736
317.85	272.2336
317.919	418.517
317.988	258.1903
318.058	269.6005
318.127	178.6121
318.196	204.9432
318.266	361.4665
318.335	138.2379
318.404	468.546
318.473	87.6238
318.543	168.3723
318.612	34.9618
318.681	122.7318
318.75	87.3312
318.82	273.1113
318.889	282.766
318.958	636.4794
319.027	228.3485
319.097	64.8036
319.166	288.9099
319.235	58.9522
319.304	185.9263
319.373	316.4112
319.443	240.3438
319.512	387.7975
319.581	372.584
319.65	261.116
319.719	230.6891
319.788	333.6726
319.857	141.7487
319.927	-34.0841
319.996	535.5438
320.065	9.801
320.134	-9.801
320.203	221.3269
320.272	224.5451
320.341	181.5378
320.41	328.699
320.479	-131.8014
320.549	217.5235
320.618	88.2089
320.687	26.4773
320.756	214.5979
320.825	340.6942
320.894	503.3615
320.963	180.3675
321.032	19.4557
321.101	323.7253
321.17	284.2288
321.239	450.992
321.308	263.7491
321.377	-120.9764
321.446	-40.5205
321.515	119.5136
321.584	297.6869
321.653	287.7396
321.722	344.7902
321.791	233.6147
321.86	-27.9401
321.929	302.9531
321.998	341.8645
322.067	136.7751
322.136	194.4107
322.205	22.0888
322.274	203.1878
322.343	120.9764
322.412	147.0149
322.48	68.3144
322.549	48.7124
322.618	192.6553
322.687	284.2288
322.756	400.6705
322.825	72.9955
322.894	181.8304
322.963	213.135
323.032	200.5547
323.1	242.0992
323.169	-21.5037
323.238	154.0365
323.307	470.3014
323.376	14.4821
323.445	2.1943
323.513	116.5879
323.582	399.5002
323.651	-90.842
323.72	301.1977
323.789	-224.2526
323.857	212.8425
323.926	261.9937
323.995	41.9834
324.064	49.005
324.133	90.2569
324.201	-172.4682
324.27	170.7128
324.339	452.7474
324.408	371.1212
324.476	352.6895
324.545	1.9017
324.614	-45.4942
324.682	78.5542
324.751	98.7414
324.82	29.9881
324.889	-31.1584
324.957	115.1251
325.026	156.6696
325.095	93.1826
325.163	342.4496
325.232	102.2522
325.301	80.3096
325.369	116.5879
325.438	204.358
325.507	445.4332
325.575	-111.0292
325.644	376.68
325.713	130.9237
325.781	308.5119
325.85	103.4224
325.918	126.5352
325.987	314.3632
326.056	275.4518
326.124	17.7003
326.193	40.8131
326.261	221.0343
326.33	234.1999
326.399	167.202
326.467	285.6916
326.536	309.9747
326.604	281.8883
326.673	184.756
326.741	372.2915
326.81	98.4488
326.878	453.6251
326.947	294.1761
327.015	651.4003
327.084	354.7374
327.152	875.2141
327.221	477.9081
327.289	372.8766
327.358	690.6043
327.426	741.8035
327.495	822.8446
327.563	1385.1583
327.632	1211.9586
327.7	1022.0827
327.769	891.8904
327.837	863.804
327.905	200.2621
327.974	113.9548
328.042	415.2988
328.111	167.4946
328.179	646.4267
328.248	273.1113
328.316	567.4336
328.384	474.9825
328.453	417.6393
328.521	887.2093
328.59	800.0244
328.658	441.9224
328.726	663.9807
328.795	761.4055
328.863	710.2063
328.931	671.2949
329	646.7193
329.068	889.5499
329.136	1255.5511
329.205	1474.9764
329.273	1517.3986
329.341	1718.6846
329.41	1255.5511
329.478	1013.3057
329.546	830.1588
329.614	719.2759
329.683	218.4012
329.751	296.2241
329.819	256.7275
329.887	286.8619
329.956	373.4617
330.024	267.8451
330.092	180.6601
330.16	195.8736
330.229	36.132
330.297	90.2569
330.365	400.6705
330.433	255.5572
330.502	358.2482
330.57	273.1113
330.638	314.0706
330.706	489.6108
330.774	265.7971
330.842	465.6203
330.911	402.7184
330.979	516.527
331.047	354.4449
331.115	690.8969
331.183	576.7958
331.251	545.1985
331.32	604.8822
331.388	907.1039
331.456	446.6035
331.524	801.7798
331.592	625.947
331.66	909.1518
331.728	1072.1116
331.796	1044.9029
331.864	979.0753
331.932	967.9578
332.001	419.1022
332.069	348.8861
332.137	325.4807
332.205	93.4751
332.273	242.6843
332.341	306.7565
332.409	106.9332
332.477	240.3438
332.545	209.6242
332.613	583.2322
332.681	350.0564
332.749	288.6173
332.817	125.3649
332.885	363.2219
332.953	269.6005
333.021	268.4302
333.089	349.7638
333.157	444.5555
333.225	163.3986
333.293	214.8904
333.361	356.2003
333.429	233.6147
333.497	433.438
333.565	634.4315
333.632	656.6666
333.7	705.5252
333.768	579.1363
333.836	642.6233
333.904	586.4505
333.972	681.2422
334.04	901.8377
334.108	890.7201
334.176	1018.5719
334.244	1024.7158
334.311	875.2141
334.379	745.8995
334.447	1081.1812
334.515	1226.2944
334.583	1297.3882
334.651	1583.5187
334.718	1613.6531
334.786	1584.9815
334.854	1711.663
334.922	1064.5049
334.99	594.3498
335.058	989.9003
335.125	667.7841
335.193	879.6026
335.261	681.5347
335.329	764.9163
335.396	763.4535
335.464	666.9064
335.532	905.3485
335.6	943.3822
335.667	855.3195
335.735	1301.4841
335.803	1087.0326
335.871	1296.2179
335.938	1602.5355
336.006	1781.294
336.074	1846.5364
336.142	2225.7032
336.209	2477.0182
336.277	2874.0316
336.345	2935.7632
336.412	3717.7947
336.48	4432.5358
336.548	4797.3668
336.615	5282.1503
336.683	6400.0486
336.751	7114.7897
336.818	7443.635
336.886	8710.1574
336.953	9936.3055
337.021	10806.9848
337.089	12158.9368
337.156	13565.3061
337.224	14794.0874
337.292	16386.5294
337.359	17045.9753
337.427	18213.9026
337.494	19026.0685
337.562	19269.4843
337.629	20032.2063
337.697	21355.1941
337.765	27247.4928
337.832	38359.4787
337.9	47747.3674
337.967	48809.9706
338.035	44913.5638
338.102	38315.5936
338.17	25439.1364
338.237	12553.317
338.305	6109.5296
338.372	3003.0536
338.44	1824.5939
338.507	1295.0477
338.575	869.6553
338.642	413.2508
338.71	699.9665
338.777	606.345
338.845	693.2374
338.912	342.1571
338.98	338.3537
339.047	508.6277
339.114	487.8554
339.182	268.4302
339.249	325.1882
339.317	596.6903
339.384	37.8874
339.452	218.1087
339.519	197.9216
339.586	385.1644
339.654	457.1359
339.721	425.5386
339.788	308.2193
339.856	391.8934
339.923	196.4587
339.991	560.7046
340.058	499.8507
340.125	427.8792
340.193	464.1575
340.26	148.1852
340.327	418.8096
340.395	125.6575
340.462	213.135
340.529	644.0862
340.597	195.581
340.664	139.1156
340.731	342.1571
340.798	296.2241
340.866	423.7832
340.933	70.3624
341	545.7837
341.067	422.3204
341.135	-69.7772
341.202	288.6173
341.269	411.788
341.336	507.1648
341.404	209.3317
341.471	256.1424
341.538	127.998
341.605	459.769
341.673	154.0365
341.74	194.9959
341.807	97.5711
341.874	246.7802
341.941	177.4419
342.008	251.7539
342.076	374.9246
342.143	-104.8853
342.21	224.8377
342.277	257.0201
342.344	453.9176
342.411	229.2262
342.479	325.1882
342.546	-120.6839
342.613	611.9038
342.68	186.5114
342.747	5.9976
342.814	516.8195
342.881	182.4155
342.948	-71.8252
343.015	-25.5996
343.082	254.0944
343.15	564.508
343.217	205.8209
343.284	346.5456
343.351	96.4008
343.418	362.9293
343.485	393.0637
343.552	355.9077
343.619	380.7759
343.686	360.5888
343.753	144.3818
343.82	355.9077
343.887	256.1424
343.954	521.7932
344.021	216.0607
344.088	386.9198
344.155	198.5067
344.222	431.6826
344.289	208.7465
344.356	602.2491
344.423	549.587
344.49	349.4712
344.557	176.5642
344.624	195.8736
344.691	54.2712
344.757	269.3079
344.824	183.8783
344.891	211.0871
344.958	383.1164
345.025	246.1951
345.092	72.9955
345.159	229.2262
345.226	221.6195
345.293	209.9168
345.36	346.8381
345.426	183.8783
345.493	425.5386
345.56	-53.3935
345.627	404.1813
345.694	118.6359
345.761	138.5305
345.828	245.3174
345.894	194.1182
345.961	321.6774
346.028	149.648
346.095	49.005
346.162	422.9055
346.228	61.2928
346.295	118.6359
346.362	0.1463
346.429	308.8044
346.496	44.909
346.562	326.651
346.629	176.8567
346.696	20.626
346.763	161.6432
346.829	454.7953
346.896	164.8615
346.963	112.1994
347.029	22.3814
347.096	517.6972
347.163	322.8476
347.23	554.2681
347.296	143.7967
347.363	145.8446
347.43	462.9872
347.496	400.0853
347.563	343.6199
347.63	-44.909
347.696	167.4946
347.763	396.282
347.83	153.7439
347.896	197.9216
347.963	372.2915
348.03	502.1912
348.096	140.871
348.163	296.5166
348.229	320.2145
348.296	666.6138
348.363	140.2859
348.429	199.3844
348.496	-32.6212
348.562	468.2534
348.629	222.4972
348.696	-27.9401
348.762	241.8066
348.829	104.5927
348.895	130.046
348.962	537.2992
349.028	360.5888
349.095	264.6268
349.161	180.6601
349.228	241.8066
349.294	223.96
349.361	327.2361
349.427	274.5741
349.494	611.9038
349.56	683.8753
349.627	676.8537
349.693	664.8584
349.76	636.4794
349.826	637.3571
349.893	772.8156
349.959	730.3934
350.026	895.6938
350.092	1085.8623
350.159	1026.4712
350.225	1502.1851
350.291	1006.8692
350.358	1046.9509
350.424	1261.695
350.491	1396.5684
350.557	1345.3692
350.623	1478.4872
350.69	2377.5454
350.756	2558.0593
350.823	2707.8535
350.889	2632.6638
350.955	2544.8937
351.022	1858.8242
351.088	1670.4111
351.154	1257.8917
351.221	513.3087
351.287	268.4302
351.353	418.8096
351.42	467.9609
351.486	484.9297
351.552	632.6761
351.619	308.5119
351.685	607.2227
351.751	502.1912
351.818	627.4099
351.884	570.0667
351.95	789.492
352.016	824.0149
352.083	489.6108
352.149	721.909
352.215	689.1415
352.281	788.9068
352.348	620.9734
352.414	953.622
352.48	1111.9007
352.546	1222.7836
352.613	1083.5218
352.679	1427.5805
352.745	980.8307
352.811	1321.9638
352.877	1592.5883
352.943	1989.0165
353.01	2169.5303
353.076	2257.8855
353.142	2557.1816
353.208	2677.7191
353.274	2496.3276
353.34	3097.5527
353.407	3321.9516
353.473	3460.0432
353.539	3913.2294
353.605	4123.2925
353.671	4871.6788
353.737	5292.3901
353.803	5029.0798
353.869	5649.0292
353.936	5697.5953
354.002	5861.1403
354.068	6306.7198
354.134	6330.4177
354.2	7233.2793
354.266	8814.3112
354.332	11368.7134
354.398	13616.2128
354.464	14430.4267
354.53	13711.5896
354.596	12514.9907
354.662	9292.9508
354.728	5832.4687
354.794	3487.2519
354.86	2171.5783
354.926	1453.619
354.992	1089.0805
355.058	935.4829
355.124	1247.3593
355.19	669.5395
355.256	613.9518
355.322	524.1337
355.388	1113.9487
355.454	425.5386
355.52	904.7633
355.586	922.6099
355.652	964.447
355.718	973.5166
355.784	791.5399
355.85	826.648
355.915	1261.1099
355.981	1209.6181
356.047	1293.2923
356.113	1334.2516
356.179	1216.3472
356.245	1677.4327
356.311	1335.7145
356.377	1694.9867
356.443	1702.5934
356.508	2181.8181
356.574	2295.3341
356.64	2523.8289
356.706	2624.1794
356.772	3011.8306
356.838	3463.2614
356.903	3393.9231
356.969	4216.9139
357.035	4642.0137
357.101	5173.3153
357.167	5605.4368
357.232	6091.9756
357.298	6579.0996
357.364	7546.9111
357.43	8044.275
357.496	8972.2974
357.561	9668.3142
357.627	10708.9749
357.693	11212.1901
357.759	12114.4666
357.824	12701.6485
357.89	13160.3935
357.956	14236.4548
358.021	14565.3
358.087	15072.3186
358.153	15695.7788
358.219	17459.0799
358.284	21352.561
358.35	28405.1803
358.416	33172.2664
358.481	36596.4701
358.547	33839.6116
358.613	29968.9507
358.678	22316.5692
358.744	14227.9703
358.81	8235.9063
358.875	4838.3262
358.941	2761.9784
359.006	1466.1993
359.072	1178.0209
359.138	1773.1021
359.203	728.3455
359.269	579.1363
359.335	578.5512
359.4	675.6834
359.466	321.9699
359.531	466.7906
359.597	443.6778
359.662	390.138
359.728	378.1428
359.794	792.1251
359.859	131.8014
359.925	300.32
359.99	114.54
360.056	285.3991
360.121	604.2971
360.187	339.8165
360.252	281.5957
360.318	44.909
360.383	27.9401
360.449	205.2357
360.514	227.4708
360.58	200.8472
360.645	429.0495
360.711	-12.4341
360.776	202.8952
360.842	407.3995
360.907	359.7111
360.972	295.0538
361.038	221.0343
361.103	242.0992
361.169	423.4907
361.234	325.7733
361.3	375.5097
361.365	227.1782
361.43	257.0201
361.496	371.9989
361.561	441.0447
361.627	285.1065
361.692	41.9834
361.757	-34.9618
361.823	79.1394
361.888	554.5607
361.953	134.142
362.019	137.9453
362.084	178.3196
362.149	264.6268
362.215	165.4466
362.28	185.0486
362.345	173.3459
362.411	139.1156
362.476	181.8304
362.541	385.1644
362.607	273.6964
362.672	166.9095
362.737	369.9509
362.802	342.1571
362.868	369.6584
362.933	235.9553
362.998	583.2322
363.063	675.976
363.129	272.8187
363.194	259.6532
363.259	55.734
363.324	29.9881
363.39	153.4514
363.455	21.5037
363.52	269.893
363.585	105.4704
363.65	256.4349
363.716	750.5805
363.781	331.9172
363.846	408.5698
363.911	425.8312
363.976	58.6597
364.042	286.2768
364.107	268.4302
364.172	265.212
364.237	372.8766
364.302	214.0127
364.367	428.4643
364.432	372.8766
364.497	322.2625
364.563	257.0201
364.628	376.3874
364.693	712.2543
364.758	794.7582
364.823	184.1709
364.888	480.8338
364.953	567.1411
365.018	842.7391
365.083	617.17
365.148	448.0663
365.213	197.9216
365.278	680.0719
365.343	262.2863
365.408	270.4782
365.474	198.5067
365.539	148.7703
365.604	204.358
365.669	361.7591
365.734	303.8308
365.799	92.5974
365.864	137.0676
365.929	368.1955
365.994	552.5127
366.058	204.358
366.123	160.7655
366.188	102.5447
366.253	528.8148
366.318	72.4103
366.383	82.065
366.448	176.5642
366.513	41.6908
366.578	784.5183
366.643	303.2457
366.708	485.5149
366.773	410.6177
366.838	463.5724
366.903	659.5922
366.967	532.6182
367.032	639.6977
367.097	970.2983
367.162	804.1203
367.227	1000.7253
367.292	572.9924
367.357	1134.721
367.422	1014.1834
367.486	774.2785
367.551	853.5641
367.616	826.3554
367.681	947.7707
367.746	1120.0926
367.81	1546.0701
367.875	1559.5282
367.94	1270.1795
368.005	2020.9063
368.07	1147.8865
368.134	1041.9772
368.199	974.3943
368.264	498.6804
368.329	522.3783
368.393	136.7751
368.458	301.4903
368.523	255.2647
368.588	161.6432
368.652	242.3917
368.717	362.9293
368.782	288.0322
368.847	-98.1562
368.911	338.3537
368.976	249.1208
369.041	367.6104
369.105	182.4155
369.17	485.5149
369.235	351.2266
369.299	407.6921
369.364	38.4726
369.429	574.4552
369.493	322.2625
369.558	345.9604
369.623	10.9713
369.687	188.2668
369.752	262.8714
369.817	271.3559
369.881	422.613
369.946	358.5408
370.01	498.3878
370.075	426.1238
370.14	408.5698
370.204	416.1765
370.269	475.275
370.333	598.7383
370.398	637.6497
370.462	972.0537
370.527	850.6384
370.592	1012.428
370.656	1219.5654
370.721	1060.9941
370.785	1472.3432
370.85	1151.3973
370.914	1455.9595
370.979	1704.934
371.043	1865.5532
371.108	1852.6803
371.172	1804.6993
371.237	1580.593
371.301	1903.2944
371.366	1623.0152
371.43	1898.9059
371.495	2119.5014
371.559	2170.7006
371.623	3172.4499
371.688	3700.5332
371.752	4255.8253
371.817	4293.5665
371.881	3876.0734
371.946	3872.8552
372.01	3040.2096
372.074	1729.8022
372.139	1137.3541
372.203	915.8809
372.268	472.6419
372.332	493.9993
372.396	243.8546
372.461	318.7517
372.525	529.1074
372.59	458.0136
372.654	488.148
372.718	297.1018
372.783	428.7569
372.847	334.2578
372.911	458.0136
372.976	293.2984
373.04	456.8433
373.104	390.4306
373.169	411.788
373.233	357.6631
373.297	215.4756
373.361	571.5296
373.426	501.6061
373.49	562.46
373.554	478.7858
373.619	459.769
373.683	350.9341
373.747	930.2167
373.811	551.635
373.875	247.0728
373.94	426.7089
374.004	706.9881
374.068	673.3429
374.132	710.2063
374.197	996.6294
374.261	553.0978
374.325	896.5715
374.389	1175.3878
374.453	944.845
374.518	1010.38
374.582	1116.8744
374.646	1108.0974
374.71	1246.4816
374.774	1422.0217
374.838	1388.084
374.903	1581.7633
374.967	1738.8718
375.031	2009.7888
375.095	2110.4318
375.159	2561.5701
375.223	2310.255
375.287	2634.1267
375.351	2589.0714
375.415	2829.5614
375.48	3132.6608
375.544	2967.653
375.608	3375.7839
375.672	3768.1162
375.736	3914.9848
375.8	4234.468
375.864	4074.1413
375.928	4398.3055
375.992	4541.9558
376.056	5329.5461
376.12	6793.2586
376.184	8329.2352
376.248	9082.3026
376.312	8766.0377
376.376	8440.4106
376.44	7031.9933
376.504	5153.7134
376.568	3447.1703
376.632	2202.883
376.696	1468.8324
376.76	980.2456
376.824	886.9168
376.888	550.7573
376.952	513.3087
377.016	558.0715
377.08	65.6813
377.144	389.8455
377.208	527.0594
377.272	328.4064
377.335	485.2223
377.399	331.6247
377.463	102.2522
377.527	284.5214
377.591	449.2366
377.655	539.9323
377.719	-55.734
377.783	392.186
377.847	241.2215
377.91	231.5668
377.974	404.1813
378.038	705.2327
378.102	477.323
378.166	666.0287
378.23	362.3442
378.293	494.5845
378.357	173.9311
378.421	451.2845
378.485	434.9008
378.549	644.9639
378.612	556.6086
378.676	529.6925
378.74	939.8714
378.804	627.995
378.868	855.3195
378.931	965.6173
378.995	775.4487
379.059	922.3174
379.123	618.3403
379.186	870.533
379.25	1070.0637
379.314	1063.3346
379.378	1161.3446
379.441	1221.3208
379.505	1416.1704
379.569	1439.8683
379.632	1459.4703
379.696	1467.3696
379.76	1643.7875
379.823	1749.1116
379.887	1913.5342
379.951	2286.8497
380.014	1888.9586
380.078	2417.3345
380.142	2454.198
380.205	2828.6837
380.269	2857.6478
380.333	3255.2463
380.396	3515.6309
380.46	3632.3651
380.523	3890.4092
380.587	3839.5026
380.651	4077.0669
380.714	4257.8733
380.778	4545.4666
380.841	4747.6304
380.905	5004.7968
380.969	5039.3197
381.032	6874.2997
381.096	8247.3164
381.159	9725.9499
381.223	10094.2917
381.286	9934.8427
381.35	9319.5744
381.413	6818.1268
381.477	4605.1503
381.54	3245.2991
381.604	2340.0969
381.667	1385.4509
381.731	724.5421
381.794	713.4245
381.858	509.7979
381.921	166.0318
381.985	221.0343
382.048	271.6484
382.112	151.696
382.175	111.6143
382.239	165.1541
382.302	123.9021
382.365	200.2621
382.429	329.2841
382.492	-61.0002
382.556	48.4198
382.619	266.3822
382.683	94.3528
382.746	223.3749
382.809	355.3226
382.873	428.7569
382.936	365.2699
383	692.3597
383.063	175.3939
383.126	314.3632
383.19	231.8593
383.253	287.7396
383.316	294.7612
383.38	127.4129
383.443	76.7988
383.506	208.7465
383.57	225.4228
383.633	118.3433
383.696	51.9306
383.76	198.2141
383.823	332.2098
383.886	363.5145
383.949	280.1329
384.013	-96.6934
384.076	16.8226
384.139	305.0011
384.202	90.842
384.266	357.3705
384.329	209.3317
384.392	410.9103
384.455	330.747
384.519	107.2258
384.582	376.9725
384.645	193.2405
384.708	336.8909
384.772	145.5521
384.835	170.7128
384.898	412.0806
384.961	109.2738
385.024	530.8628
385.087	564.2154
385.151	77.6765
385.214	238.5884
385.277	463.2798
385.34	261.116
385.403	420.8576
385.466	410.0326
385.53	78.8468
385.593	432.2677
385.656	378.1428
385.719	604.8822
385.782	388.0901
385.845	397.1597
385.908	590.839
385.971	547.8316
386.034	409.74
386.097	335.7206
386.161	395.4043
386.224	445.1406
386.287	817.8709
386.35	551.9276
386.413	843.0317
386.476	611.6112
386.539	840.9837
386.602	762.8684
386.665	508.9202
386.728	536.4215
386.791	682.1199
386.854	265.7971
386.917	260.2383
386.98	269.0153
387.043	345.0827
387.106	162.2284
387.169	466.2055
387.232	344.4976
387.295	148.7703
387.358	213.7202
387.421	337.476
387.484	177.4419
387.547	215.7681
387.609	446.896
387.672	129.4609
387.735	580.8917
387.798	338.9388
387.861	432.8528
387.924	383.9941
387.987	511.5533
388.05	45.4942
388.113	614.2443
388.176	272.8187
388.238	410.6177
388.301	258.7755
388.364	202.6026
388.427	281.3031
388.49	593.7647
388.553	151.1108
388.616	582.3545
388.678	182.7081
388.741	261.9937
388.804	434.9008
388.867	623.3139
388.93	1108.0974
388.992	301.4903
389.055	516.8195
389.118	580.014
389.181	506.5797
389.244	757.017
389.306	690.8969
389.369	1068.0157
389.432	569.4816
389.495	802.6575
389.557	982.001
389.62	637.3571
389.683	771.0602
389.746	718.6907
389.808	544.3208
389.871	1003.3584
389.934	810.5568
389.996	1279.5416
390.059	1376.0887
390.122	1651.6868
390.185	1892.4694
390.247	1176.2655
390.31	1290.3666
390.373	1051.0468
390.435	674.8057
390.498	516.527
390.561	478.4933
390.623	583.2322
390.686	309.3896
390.748	222.2046
390.811	170.7128
390.874	223.6674
390.936	564.2154
390.999	258.1903
391.061	198.5067
391.124	407.9846
391.187	346.5456
391.249	241.2215
391.312	104.8853
391.374	226.3005
391.437	561.8749
391.499	340.4017
391.562	230.9816
391.625	536.4215
391.687	364.3922
391.75	125.3649
391.812	370.5361
391.875	275.4518
391.937	234.4924
392	309.9747
392.062	542.5654
392.125	551.9276
392.187	371.7063
392.25	269.0153
392.312	383.7016
392.375	318.1666
392.437	378.1428
392.5	341.8645
392.562	433.1454
392.624	325.4807
392.687	465.9129
392.749	531.1553
392.812	436.0711
392.874	460.9393
392.937	20.626
392.999	254.387
393.061	608.6856
393.124	359.1259
393.186	395.9894
393.249	392.7711
393.311	322.8476
393.373	905.0559
393.436	447.4812
393.498	234.4924
393.56	905.0559
393.623	483.1743
393.685	726.5901
393.748	1011.5503
393.81	938.4085
393.872	979.3679
393.935	833.6696
393.997	795.3433
394.059	818.1635
394.121	1175.9729
394.184	1008.9172
394.246	1074.1596
394.308	1065.9677
394.371	1171.2918
394.433	1047.2434
394.495	846.5425
394.557	1134.1358
394.62	1203.7668
394.682	1319.0382
394.744	1735.6535
394.806	2014.4698
394.869	2338.3415
394.931	2347.7036
394.993	2506.86
395.055	2231.8471
395.117	2048.115
395.18	1815.2317
395.242	1352.3908
395.304	771.9379
395.366	459.769
395.428	456.2582
395.491	419.1022
395.553	252.9241
395.615	494.2919
395.677	263.4566
395.739	188.852
395.801	65.6813
395.863	367.6104
395.926	441.0447
395.988	281.3031
396.05	51.3455
396.112	325.4807
396.174	273.6964
396.236	24.1368
396.298	87.3312
396.36	395.4043
396.422	214.3053
396.484	-3.3645
396.547	474.6899
396.609	220.1566
396.671	89.0866
396.733	190.6074
396.795	333.9652
396.857	334.2578
396.919	622.4362
396.981	-137.9453
397.043	33.4989
397.105	291.8355
397.167	166.0318
397.229	249.4133
397.291	66.2664
397.353	195.2884
397.415	294.1761
397.477	63.6333
397.539	388.0901
397.601	434.6082
397.663	227.7634
397.725	86.161
397.787	296.8092
397.849	506.8723
397.91	407.6921
397.972	235.3701
398.034	514.479
398.096	332.7949
398.158	364.3922
398.22	509.7979
398.282	208.454
398.344	344.4976
398.406	612.1964
398.468	436.6562
398.529	618.3403
398.591	592.3018
398.653	606.6376
398.715	651.4003
398.777	773.4008
398.839	760.5278
398.901	919.0991
398.962	856.7824
399.024	676.8537
399.086	819.9189
399.148	986.3895
399.21	1056.313
399.271	782.7629
399.333	915.2957
399.395	1221.3208
399.457	1050.4617
399.519	1109.8528
399.58	1345.9543
399.642	1137.9392
399.704	1640.8618
399.766	1212.5438
399.827	1350.6354
399.889	1458.8852
399.951	1609.2646
400.013	1615.9936
400.074	1538.7559
400.136	1745.8934
400.198	1969.122
400.259	2270.7585
400.321	2735.3548
400.383	3444.2446
400.445	3463.2614
400.506	3485.4965
400.568	2936.6409
400.63	2701.4171
400.691	1958.297
400.753	1649.0537
400.815	1083.5218
400.876	777.4967
400.938	680.657
400.999	384.8718
401.061	317.5814
401.123	459.4764
401.184	8.0456
401.246	165.1541
401.307	318.4591
401.369	250.8762
401.431	37.8874
401.492	285.9842
401.554	249.1208
401.615	391.6009
401.677	-30.8658
401.739	115.4177
401.8	268.7228
401.862	0.1463
401.923	328.1139
401.985	-39.0577
402.046	287.447
402.108	340.9868
402.169	276.9146
402.231	335.428
402.292	255.2647
402.354	608.1004
402.415	117.7582
402.477	156.9622
402.538	385.1644
402.6	-59.2448
402.661	149.9406
402.723	108.9812
402.784	173.0534
402.846	310.5598
402.907	204.358
402.968	89.9643
403.03	382.5313
403.091	214.0127
403.153	109.5663
403.214	275.1592
403.276	421.7353
403.337	347.7158
403.398	27.0624
403.46	116.0028
403.521	269.3079
403.582	186.804
403.644	295.3464
403.705	98.4488
403.767	50.4678
403.828	199.677
403.889	406.2292
403.951	278.9626
404.012	563.6303
404.073	493.4142
404.135	261.7011
404.196	177.1493
404.257	438.4116
404.319	507.4574
404.38	372.8766
404.441	569.7742
404.502	501.3135
404.564	779.2521
404.625	847.4202
404.686	538.4695
404.747	437.8265
404.809	386.6272
404.87	405.059
404.931	728.638
404.992	377.2651
405.054	462.9872
405.115	742.6812
405.176	537.5918
405.237	798.269
405.299	680.3645
405.36	459.4764
405.421	824.6
405.482	940.1639
405.543	963.5693
405.605	668.3692
405.666	1059.2387
405.727	888.087
405.788	883.4059
405.849	1184.7499
405.91	958.3031
405.971	982.8787
406.033	1307.0429
406.094	924.9505
406.155	1106.9271
406.216	1654.905
406.277	1436.6501
406.338	1509.2067
406.399	1928.7477
406.46	2516.8073
406.521	2439.5696
406.583	2417.9197
406.644	2693.8103
406.705	2369.061
406.766	1970.2922
406.827	1269.8869
406.888	852.979
406.949	962.6916
407.01	401.2556
407.071	338.9388
407.132	102.8373
407.193	471.4717
407.254	186.804
407.315	422.0278
407.376	383.409
407.437	600.4937
407.498	237.1255
407.559	154.9142
407.62	173.0534
407.681	587.9133
407.742	275.7444
407.803	266.9674
407.864	254.6795
407.925	295.0538
407.986	500.1432
408.047	-27.6476
408.108	57.4894
408.168	662.8105
408.229	118.9285
408.29	226.5931
408.351	104.5927
408.412	120.9764
408.473	404.7664
408.534	226.5931
408.595	344.205
408.656	102.2522
408.716	462.6947
408.777	735.6596
408.838	258.1903
408.899	355.6151
408.96	287.7396
409.021	465.0352
409.082	257.8978
409.142	487.2703
409.203	247.3654
409.264	216.6458
409.325	542.858
409.386	338.0611
409.446	371.7063
409.507	544.906
409.568	311.145
409.629	306.7565
409.69	539.0546
409.75	202.8952
409.811	411.2029
409.872	381.9462
409.933	665.7361
409.993	417.9319
410.054	704.9401
410.115	432.5603
410.176	648.7672
410.236	388.6752
410.297	534.081
410.358	240.9289
410.418	214.3053
410.479	182.7081
410.54	236.5404
410.6	259.6532
410.661	392.7711
410.722	-14.4821
410.782	221.912
410.843	290.0801
410.904	-1.024
410.964	197.3364
411.025	-115.1251
411.086	131.2163
411.146	78.8468
411.207	351.5192
411.267	488.148
411.328	-122.4393
411.389	233.6147
411.449	113.3697
411.51	577.3809
411.57	237.4181
411.631	267.8451
411.692	170.4203
411.752	122.4393
411.813	497.8027
411.873	186.5114
411.934	78.2617
411.994	56.9043
412.055	218.9864
412.115	147.3075
412.176	305.2936
412.236	-49.5901
412.297	301.4903
412.358	-22.3814
412.418	318.4591
412.479	257.8978
412.539	365.5624
412.599	115.4177
412.66	-14.4821
412.72	234.4924
412.781	129.7534
412.841	210.2094
412.902	42.5685
412.962	248.2431
413.023	234.4924
413.083	374.3394
413.144	391.0157
413.204	304.1234
413.264	400.0853
413.325	309.9747
413.385	273.1113
413.446	437.2413
413.506	538.1769
413.566	426.1238
413.627	474.3973
413.687	92.0123
413.747	531.4479
413.808	433.438
413.868	424.9535
413.929	507.4574
413.989	754.0914
414.049	383.9941
414.11	333.9652
414.17	168.0797
414.23	638.5274
414.29	462.1095
414.351	397.7448
414.411	698.2111
414.471	610.441
414.532	1097.2724
414.592	921.1471
414.652	599.0309
414.712	1120.0926
414.773	768.7197
414.833	718.1056
414.893	867.6073
414.954	820.7966
415.014	622.4362
415.074	503.9466
415.134	400.963
415.194	336.0132
415.255	243.562
415.315	444.2629
415.375	556.0235
415.435	363.2219
415.495	230.3965
415.556	190.8999
415.616	129.4609
415.676	114.54
415.736	307.3416
415.796	47.2496
415.856	223.96
415.917	423.7832
415.977	161.3507
416.037	446.6035
416.097	180.075
416.157	94.0603
416.217	-191.4851
416.277	273.4038
416.337	300.6126
416.398	212.8425
416.458	-66.8516
416.518	101.667
416.578	197.3364
416.638	579.4289
416.698	480.5412
416.758	314.0706
416.818	22.6739
416.878	486.3926
416.938	189.4371
416.998	220.1566
417.058	498.0953
417.118	-94.938
417.178	74.4583
417.238	81.4799
417.298	15.3598
417.358	294.1761
417.418	33.2064
417.478	73.8732
417.538	-76.2137
417.598	77.6765
417.658	495.1696
417.718	-2.1943
417.778	6.8753
417.838	52.8083
417.898	227.4708
417.958	465.0352
418.018	222.2046
418.078	219.8641
418.138	10.3861
418.198	238.2958
418.258	231.2742
418.318	416.4691
418.377	422.0278
418.437	298.5646
418.497	-75.9211
418.557	263.4566
418.617	121.5616
418.677	337.476
418.737	196.4587
418.797	336.5983
418.856	437.2413
418.916	674.2206
418.976	240.0512
419.036	313.4855
419.096	580.5991
419.156	514.479
419.215	381.9462
419.275	656.0814
419.335	769.89
419.395	360.0036
419.455	369.3658
419.514	531.7405
419.574	394.234
419.634	698.7962
419.694	223.0823
419.753	416.1765
419.813	395.9894
419.873	395.6968
419.933	515.9418
419.992	559.8269
420.052	84.6981
420.112	364.9773
420.172	472.0568
420.231	615.4146
420.291	489.3182
420.351	458.5987
420.41	654.9111
420.47	629.7504
420.53	1068.0157
420.589	1150.5196
420.649	1169.5364
420.709	1310.5537
420.768	1087.3251
420.828	1143.498
420.888	931.3869
420.947	785.396
421.007	439.8744
421.067	337.476
421.126	105.1778
421.186	204.9432
421.246	314.6558
421.305	342.4496
421.365	167.202
421.424	298.5646
421.484	356.4928
421.543	192.0702
421.603	112.1994
421.663	277.4998
421.722	151.4034
421.782	361.1739
421.841	156.0845
421.901	127.1203
421.96	104.0076
422.02	283.6437
422.079	197.9216
422.139	223.3749
422.198	284.5214
422.258	-43.7388
422.317	44.909
422.377	124.1947
422.436	90.5495
422.496	23.8442
422.555	697.6259
422.615	276.0369
422.674	-82.6502
422.734	307.049
422.793	305.0011
422.853	540.5175
422.912	194.7033
422.972	28.2327
423.031	226.8857
423.09	287.1545
423.15	143.7967
423.209	194.7033
423.269	247.3654
423.328	269.893
423.387	195.581
423.447	341.2794
423.506	17.4077
423.566	-13.8969
423.625	-39.0577
423.684	209.6242
423.744	305.2936
423.803	177.4419
423.862	159.8878
423.922	424.3684
423.981	344.7902
424.04	309.9747
424.1	303.5382
424.159	123.0244
424.218	309.6821
424.278	165.1541
424.337	132.3866
424.396	15.9449
424.455	196.4587
424.515	205.5283
424.574	194.9959
424.633	15.0672
424.692	283.0585
424.752	89.3792
424.811	132.094
424.87	11.2638
424.929	30.5732
424.989	171.8831
425.048	294.7612
425.107	139.9933
425.166	266.3822
425.226	276.6221
425.285	164.5689
425.344	417.0542
425.403	103.4224
425.462	529.1074
425.521	477.323
425.581	151.9885
425.64	190.8999
425.699	159.8878
425.758	311.7301
425.817	109.5663
425.876	335.428
425.935	502.7763
425.995	398.3299
426.054	408.8623
426.113	608.6856
426.172	351.5192
426.231	267.8451
426.29	702.8921
426.349	472.0568
426.408	447.7737
426.467	544.0283
426.526	486.3926
426.586	526.1817
426.645	335.7206
426.704	419.6873
426.763	603.4194
426.822	447.1886
426.881	778.9595
426.94	522.0857
426.999	470.8865
427.058	694.7003
427.117	596.9829
427.176	402.1333
427.235	767.5494
427.294	786.8589
427.353	1106.342
427.412	1244.7261
427.471	1490.4824
427.53	1072.1116
427.589	1170.9993
427.648	1360.5827
427.707	792.7102
427.766	496.6324
427.824	689.1415
427.883	565.9708
427.942	365.2699
428.001	396.8671
428.06	219.5715
428.119	514.7716
428.178	188.5594
428.237	132.9717
428.296	187.0966
428.355	-23.2591
428.414	24.1368
428.472	290.0801
428.531	50.7604
428.59	379.0205
428.649	218.6938
428.708	16.8226
428.767	202.8952
428.825	329.2841
428.884	52.2232
428.943	235.9553
429.002	500.7284
429.061	556.3161
429.12	101.667
429.178	105.763
429.237	236.833
429.296	37.3023
429.355	312.0227
429.413	62.463
429.472	166.3243
429.531	212.5499
429.59	76.2137
429.649	72.7029
429.707	443.6778
429.766	499.8507
429.825	192.9479
429.883	118.0508
429.942	216.0607
430.001	71.5326
430.06	-47.8347
430.118	438.4116
430.177	409.4475
430.236	281.3031
430.294	14.7746
430.353	19.7483
430.412	226.3005
430.47	17.1152
430.529	276.9146
430.588	204.9432
430.646	39.6428
430.705	182.7081
430.764	154.3291
430.822	-134.4345
430.881	57.1968
430.939	293.2984
430.998	126.5352
431.057	194.4107
431.115	181.2452
431.174	400.0853
431.232	203.7729
431.291	335.7206
431.35	-213.135
431.408	242.3917
431.467	377.2651
431.525	87.6238
431.584	217.231
431.642	446.0183
431.701	135.8974
431.759	16.53
431.818	182.4155
431.877	67.7293
431.935	307.049
431.994	110.7366
432.052	325.7733
432.111	492.5365
432.169	153.1588
432.228	467.3757
432.286	372.2915
432.344	252.6316
432.403	189.4371
432.461	-80.8948
432.52	226.5931
432.578	193.2405
432.637	148.7703
432.695	226.008
432.754	212.5499
432.812	344.205
432.87	101.3745
432.929	263.164
432.987	192.9479
433.046	467.6683
433.104	313.4855
433.162	383.1164
433.221	364.9773
433.279	384.2867
433.338	124.1947
433.396	428.4643
433.454	590.2539
433.513	283.3511
433.571	242.6843
433.629	283.9362
433.688	192.6553
433.746	462.1095
433.804	350.3489
433.863	191.1925
433.921	351.5192
433.979	142.3338
434.037	345.9604
434.096	295.6389
434.154	325.4807
434.212	302.9531
434.271	261.4086
434.329	481.1264
434.387	364.0996
434.445	506.2871
434.504	522.9634
434.562	412.6657
434.62	433.438
434.678	384.8718
434.737	525.0114
434.795	494.5845
434.853	876.9695
434.911	658.1294
434.969	818.1635
435.028	614.5369
435.086	595.5201
435.144	828.4034
435.202	853.2716
435.26	377.8502
435.318	255.5572
435.377	560.412
435.435	320.7997
435.493	336.8909
435.551	219.8641
435.609	237.7107
435.667	185.3412
435.725	502.4838
435.784	316.4112
435.842	340.1091
435.9	104.0076
435.958	411.4954
436.016	351.2266
436.074	302.368
436.132	539.0546
436.19	314.6558
436.248	709.9137
436.306	186.5114
436.364	763.1609
436.422	219.8641
436.48	-96.4008
436.538	213.7202
436.596	372.8766
436.654	38.4726
436.713	241.514
436.771	123.0244
436.829	-1.6091
436.887	308.5119
436.945	86.161
437.003	306.7565
437.06	-153.4514
437.118	-41.6908
437.176	120.6839
437.234	295.3464
437.292	306.7565
437.35	203.1878
437.408	-70.0698
437.466	122.1467
437.524	157.2547
437.582	401.8407
437.64	346.253
437.698	31.4509
437.756	264.9194
437.814	64.511
437.872	-27.6476
437.929	224.5451
437.987	225.1303
438.045	147.6
438.103	322.2625
438.161	165.4466
438.219	139.9933
438.277	333.6726
438.335	229.2262
438.392	168.3723
438.45	70.3624
438.508	64.511
438.566	-14.1895
438.624	-14.4821
438.681	150.8183
438.739	22.0888
438.797	153.7439
438.855	534.6661
438.913	141.7487
438.97	210.2094
439.028	275.7444
439.086	260.8234
439.144	321.9699
439.202	53.3935
439.259	386.6272
439.317	127.998
439.375	322.5551
439.432	62.7556
439.49	206.1134
439.548	118.0508
439.606	49.2975
439.663	177.1493
439.721	342.4496
439.779	187.6817
439.836	306.7565
439.894	216.0607
439.952	159.5953
440.009	182.1229
440.067	32.6212
440.125	369.3658
440.182	-214.8904
440.24	281.3031
440.298	245.0248
440.355	79.4319
440.413	-28.5253
440.471	-58.3671
440.528	214.3053
440.586	107.5184
440.643	205.5283
440.701	236.833
440.759	305.2936
440.816	240.3438
440.874	285.6916
440.931	246.1951
440.989	206.406
441.047	285.3991
441.104	411.788
441.162	449.5291
441.219	157.5473
441.277	262.8714
441.334	52.5158
441.392	392.4786
441.449	155.4993
441.507	744.4366
441.564	386.6272
441.622	309.6821
441.679	260.2383
441.737	124.4872
441.794	138.5305
441.852	208.7465
441.909	238.8809
441.967	269.6005
442.024	358.2482
442.082	527.6445
442.139	572.6998
442.197	725.7124
442.254	420.2724
442.311	303.5382
442.369	76.2137
442.426	252.0464
442.484	559.2418
442.541	370.8286
442.598	155.4993
442.656	227.4708
442.713	35.5469
442.771	31.4509
442.828	41.1057
442.885	460.3541
442.943	159.0101
443	-112.1994
443.057	259.6532
443.115	300.9051
443.172	131.5089
443.229	180.9527
443.287	380.1908
443.344	320.5071
443.401	287.447
443.459	145.8446
443.516	-56.9043
443.573	459.4764
443.631	48.7124
443.688	531.1553
443.745	175.6865
443.802	-120.0987
443.86	-108.1035
443.917	128.8757
443.974	235.9553
444.031	407.3995
444.089	293.5909
444.146	132.9717
444.203	77.9691
444.26	-10.3861
444.318	388.0901
444.375	215.7681
444.432	115.1251
444.489	-29.403
444.546	2.7794
444.604	-2.1943
444.661	104.3001
444.718	544.0283
444.775	-30.8658
444.832	210.2094
444.889	-35.5469
444.947	56.9043
445.004	-80.0171
445.061	3.3645
445.118	-112.492
445.175	358.8334
445.232	154.9142
445.289	-133.2643
445.346	-105.4704
445.404	328.4064
445.461	370.5361
445.518	252.6316
445.575	285.6916
445.632	74.1657
445.689	137.9453
445.746	183.0006
445.803	-35.5469
445.86	112.7846
445.917	121.5616
445.974	-139.1156
446.031	236.5404
446.088	-36.132
446.145	130.9237
446.202	652.5706
446.259	218.9864
446.316	66.559
446.373	161.9358
446.43	454.7953
446.487	64.511
446.544	328.699
446.601	88.7941
446.658	115.7102
446.715	86.7461
446.772	7.753
446.829	252.339
446.886	445.7258
446.943	152.2811
447	100.4968
447.057	270.7707
447.114	223.0823
447.171	328.9916
447.228	151.1108
447.285	112.7846
447.341	545.7837
447.398	92.89
447.455	207.8688
447.512	232.4445
447.569	96.6934
447.626	44.3239
447.683	650.8152
447.74	589.6687
447.796	496.3399
447.853	377.2651
447.91	373.1692
447.967	87.0387
448.024	302.9531
448.081	266.6748
448.137	-0.1463
448.194	385.7495
448.251	234.4924
448.308	437.2413
448.365	135.8974
448.421	498.3878
448.478	200.5547
448.535	139.1156
448.592	193.533
448.648	409.4475
448.705	151.4034
448.762	49.5901
448.819	370.8286
448.875	258.4829
448.932	621.5585
448.989	199.3844
449.046	241.514
449.102	11.5564
449.159	506.8723
449.216	358.5408
449.272	371.1212
449.329	564.2154
449.386	685.9232
449.442	532.3256
449.499	429.6346
449.556	433.438
449.612	193.8256
449.669	316.7037
449.726	442.8001
449.782	233.9073
449.839	271.0633
449.896	291.543
449.952	142.3338
450.009	278.67
450.065	145.2595
450.122	247.6579
450.179	115.7102
450.235	71.5326
450.292	72.1178
450.348	180.075
450.405	130.9237
450.461	240.6363
450.518	-13.0192
450.575	-81.1873
450.631	200.5547
450.688	101.667
450.744	132.9717
450.801	143.2115
450.857	80.0171
450.914	62.1705
450.97	443.0927
451.027	127.4129
451.083	561.2897
451.14	211.6722
451.196	445.7258
451.253	371.1212
451.309	508.6277
451.366	-84.6981
451.422	122.1467
451.479	123.6095
451.535	41.1057
451.591	249.9985
451.648	331.6247
451.704	-12.7267
451.761	-51.3455
451.817	336.8909
451.874	567.4336
451.93	269.3079
451.986	127.7055
452.043	330.747
452.099	208.454
452.156	107.2258
452.212	283.6437
452.268	80.8948
452.325	-207.5763
452.381	177.1493
452.437	22.9665
452.494	222.4972
452.55	175.979
452.606	190.0222
452.663	229.2262
452.719	63.9259
452.775	186.804
452.832	423.4907
452.888	334.5503
452.944	-144.9669
453.001	31.1584
453.057	45.7867
453.113	261.9937
453.169	223.0823
453.226	-197.9216
453.282	-16.53
453.338	-83.5279
453.394	97.8636
453.451	-29.403
453.507	306.7565
453.563	55.734
453.619	169.25
453.676	154.6216
453.732	76.2137
453.788	226.008
453.844	297.6869
453.9	-48.7124
453.957	16.2375
454.013	17.9929
454.069	68.0218
454.125	366.7327
454.181	8.9233
454.237	147.3075
454.294	196.4587
454.35	472.6419
454.406	249.9985
454.462	65.9739
454.518	58.6597
454.574	49.8827
454.63	92.89
454.687	317.2889
454.743	281.0106
454.799	411.4954
454.855	317.5814
454.911	175.6865
454.967	88.5015
455.023	334.8429
455.079	-108.9812
455.135	202.8952
455.191	147.3075
455.247	143.5041
455.303	177.7344
455.359	462.4021
455.415	114.54
455.471	74.7509
455.527	267.5525
455.583	26.7699
455.639	300.6126
455.695	63.9259
455.751	395.9894
455.807	101.9596
455.863	137.6528
455.919	134.142
455.975	113.0771
456.031	188.2668
456.087	284.2288
456.143	6.5828
456.199	181.5378
456.255	6.8753
456.311	94.6454
456.367	264.9194
456.423	146.1372
456.479	462.6947
456.535	145.8446
456.591	20.9185
456.647	25.5996
456.702	209.6242
456.758	243.562
456.814	317.2889
456.87	-22.0888
456.926	5.9976
456.982	263.4566
457.038	143.7967
457.094	232.4445
457.149	336.3057
457.205	444.8481
457.261	307.049
457.317	289.495
457.373	53.9786
457.429	10.3861
457.484	306.7565
457.54	429.9272
457.596	433.438
457.652	328.4064
457.707	73.8732
457.763	390.7232
457.819	258.7755
457.875	398.0374
457.931	520.9155
457.986	238.0032
458.042	432.2677
458.098	406.8144
458.154	733.3191
458.209	383.9941
458.265	356.7854
458.321	370.5361
458.376	107.5184
458.432	332.2098
458.488	-1.9017
458.544	302.0754
458.599	423.1981
458.655	-257.3126
458.711	196.4587
458.766	219.8641
458.822	65.0961
458.878	247.0728
458.933	17.4077
458.989	275.1592
459.044	183.2932
459.1	141.1636
459.156	184.756
459.211	75.336
459.267	123.317
459.323	211.3796
459.378	-29.403
459.434	546.9539
459.489	219.2789
459.545	171.0054
459.601	52.5158
459.656	117.1731
459.712	452.1622
459.767	12.1415
459.823	170.1277
459.878	162.5209
459.934	137.3602
459.989	330.4544
460.045	-157.2547
460.1	327.5287
460.156	15.9449
460.211	151.1108
460.267	330.1618
460.322	-117.1731
460.378	118.0508
460.433	-107.8109
460.489	290.0801
460.544	-20.0408
460.6	496.3399
460.655	-10.3861
460.711	72.4103
460.766	202.3101
460.822	388.6752
460.877	207.5763
460.933	109.2738
460.988	308.5119
461.043	-123.6095
461.099	-51.9306
461.154	92.0123
461.21	-112.7846
461.265	22.6739
461.32	336.0132
461.376	42.5685
461.431	197.9216
461.487	244.4397
461.542	239.1735
461.597	-76.7988
461.653	376.68
461.708	158.1324
461.763	95.5231
461.819	120.9764
461.874	96.4008
461.929	-43.1536
461.985	62.463
462.04	77.9691
462.095	365.855
462.151	163.9838
462.206	-125.0724
462.261	-62.463
462.316	-49.8827
462.372	234.1999
462.427	100.4968
462.482	359.1259
462.537	180.3675
462.593	247.3654
462.648	136.7751
462.703	88.2089
462.758	116.0028
462.814	314.6558
462.869	391.0157
462.924	44.909
462.979	-33.4989
463.034	68.607
463.09	116.8805
463.145	-200.5547
463.2	80.3096
463.255	106.9332
463.31	108.3961
463.366	178.9047
463.421	226.5931
463.476	327.2361
463.531	23.2591
463.586	38.7651
463.641	235.6627
463.696	168.6649
463.752	76.2137
463.807	121.8541
463.862	315.5335
463.917	229.2262
463.972	89.3792
464.027	561.8749
464.082	346.253
464.137	116.2954
464.192	3.072
464.247	235.3701
464.302	247.6579
464.357	242.6843
464.413	154.0365
464.468	247.0728
464.523	365.2699
464.578	280.718
464.633	501.8986
464.688	312.6078
464.743	-80.0171
464.798	243.562
464.853	246.1951
464.908	266.0897
464.963	165.7392
465.018	246.1951
465.073	97.8636
465.128	463.2798
465.183	96.4008
465.238	48.1273
465.293	-40.8131
465.347	231.2742
465.402	207.8688
465.457	374.3394
465.512	312.9004
465.567	138.5305
465.622	125.3649
465.677	209.6242
465.732	348.5935
465.787	387.7975
465.842	232.737
465.897	80.3096
465.952	638.82
466.006	177.7344
466.061	-72.1178
466.116	87.6238
466.171	151.696
466.226	308.5119
466.281	49.005
466.336	324.0179
466.39	92.5974
466.445	97.2785
466.5	241.514
466.555	395.9894
466.61	264.6268
466.664	85.8684
466.719	443.3852
466.774	399.5002
466.829	649.9375
466.884	238.0032
466.938	100.2042
466.993	158.425
467.048	156.0845
467.103	388.3826
467.157	71.5326
467.212	395.6968
467.267	-104.8853
467.322	306.1713
467.376	431.0974
467.431	345.0827
467.486	223.6674
467.54	75.9211
467.595	-74.7509
467.65	119.221
467.705	-176.5642
467.759	240.3438
467.814	114.2474
467.869	93.7677
467.923	350.0564
467.978	157.2547
468.032	-5.7051
468.087	75.0434
468.142	254.387
468.196	-43.7388
468.251	588.791
468.306	87.0387
468.36	273.1113
468.415	19.7483
468.469	136.4825
468.524	247.0728
468.579	-108.3961
468.633	251.1687
468.688	82.6502
468.742	121.8541
468.797	99.3265
468.852	255.5572
468.906	77.6765
468.961	88.2089
469.015	75.9211
469.07	156.377
469.124	250.8762
469.179	5.1199
469.233	66.8516
469.288	213.7202
469.342	17.7003
469.397	185.6337
469.451	114.2474
469.506	114.8325
469.56	195.2884
469.615	293.5909
469.669	-118.3433
469.724	218.6938
469.778	5.4125
469.833	85.5758
469.887	231.8593
469.941	75.9211
469.996	217.5235
470.05	85.8684
470.105	324.0179
470.159	52.8083
470.214	413.2508
470.268	6.8753
470.322	227.7634
470.377	120.6839
470.431	325.4807
470.486	511.8459
470.54	152.5737
470.594	144.0892
470.649	-79.4319
470.703	155.7919
470.757	127.998
470.812	-104.3001
470.866	331.0395
470.92	104.3001
470.975	166.0318
471.029	-118.9285
471.083	91.7197
471.138	209.9168
471.192	57.782
471.246	318.1666
471.3	233.6147
471.355	504.8243
471.409	282.4734
471.463	227.1782
471.518	-5.1199
471.572	-35.5469
471.626	235.0776
471.68	217.5235
471.735	-122.4393
471.789	-74.1657
471.843	283.6437
471.897	13.8969
471.951	322.8476
472.006	104.5927
472.06	219.2789
472.114	174.2236
472.168	83.2353
472.222	147.6
472.277	77.6765
472.331	82.6502
472.385	454.2102
472.439	138.823
472.493	122.1467
472.547	186.2189
472.602	251.7539
472.656	419.1022
472.71	60.7076
472.764	490.1959
472.818	714.3022
472.872	287.1545
472.926	148.4777
472.98	288.9099
473.034	163.9838
473.089	233.0296
473.143	215.7681
473.197	113.0771
473.251	640.8679
473.305	22.9665
473.359	192.9479
473.413	130.3386
473.467	454.7953
473.521	128.2906
473.575	266.9674
473.629	40.8131
473.683	158.425
473.737	-142.0413
473.791	478.2007
473.845	-114.8325
473.899	139.1156
473.953	119.221
474.007	51.9306
474.061	108.3961
474.115	17.7003
474.169	108.3961
474.223	188.852
474.277	267.8451
474.331	243.562
474.385	117.7582
474.439	132.3866
474.493	211.6722
474.547	253.8018
474.601	-17.1152
474.654	244.7323
474.708	136.7751
474.762	247.3654
474.816	92.89
474.87	-218.9864
474.924	-39.6428
474.978	84.6981
475.032	400.3779
475.086	-77.384
475.139	114.54
475.193	-63.0482
475.247	218.1087
475.301	-45.2016
475.355	-163.3986
475.409	239.1735
475.462	49.005
475.516	200.8472
475.57	-82.065
475.624	84.113
475.678	240.3438
475.731	230.9816
475.785	174.2236
475.839	85.2833
475.893	79.1394
475.947	206.6986
476	-155.2068
476.054	-54.2712
476.108	180.6601
476.162	28.8178
476.215	-121.8541
476.269	190.6074
476.323	-132.6791
476.376	112.492
476.43	-72.4103
476.484	360.5888
476.538	-89.0866
476.591	99.0339
476.645	79.1394
476.699	241.514
476.752	71.5326
476.806	245.9025
476.86	-52.2232
476.913	74.4583
476.967	244.1471
477.021	209.6242
477.074	91.1346
477.128	93.4751
477.182	105.4704
477.235	46.957
477.289	191.1925
477.342	109.8589
477.396	152.5737
477.45	359.4185
477.503	121.269
477.557	37.3023
477.61	125.0724
477.664	171.0054
477.717	157.8399
477.771	210.2094
477.825	144.0892
477.878	101.3745
477.932	-47.8347
477.985	290.3727
478.039	47.5421
478.092	367.6104
478.146	55.1489
478.199	238.5884
478.253	135.6048
478.306	29.6955
478.36	-48.4198
478.413	166.6169
478.467	122.4393
478.52	-32.9138
478.574	-220.1566
478.627	146.7223
478.681	-15.9449
478.734	135.3122
478.788	-13.0192
478.841	57.4894
478.894	65.0961
478.948	65.9739
479.001	93.7677
479.055	84.113
479.108	134.142
479.162	100.7893
479.215	370.5361
479.268	-94.6454
479.322	358.8334
479.375	124.4872
479.428	47.8347
479.482	157.8399
479.535	206.406
479.589	305.5862
479.642	171.298
479.695	237.4181
479.749	6.5828
479.802	-85.5758
479.855	296.8092
479.909	206.9911
479.962	265.212
480.015	29.6955
480.068	275.1592
480.122	92.5974
480.175	237.1255
480.228	17.4077
480.282	2.7794
480.335	206.6986
480.388	141.4561
480.441	10.6787
480.495	81.4799
480.548	235.6627
480.601	-55.734
480.654	-15.9449
480.708	179.1973
480.761	186.5114
480.814	183.8783
480.867	-67.1441
480.92	290.3727
480.974	185.0486
481.027	184.756
481.08	34.9618
481.133	381.361
481.186	-28.8178
481.24	240.9289
481.293	-156.6696
481.346	171.298
481.399	196.4587
481.452	156.6696
481.505	252.339
481.558	173.3459
481.612	95.8157
481.665	244.7323
481.718	-19.1631
481.771	47.8347
481.824	5.1199
481.877	185.9263
481.93	174.5162
481.983	348.5935
482.036	495.1696
482.089	0.4389
482.142	387.5049
482.196	183.0006
482.249	183.5858
482.302	458.5987
482.355	383.409
482.408	296.8092
482.461	143.2115
482.514	266.9674
482.567	199.0918
482.62	240.3438
482.673	162.5209
482.726	158.425
482.779	25.8922
482.832	89.0866
482.885	186.2189
482.938	99.0339
482.991	149.648
483.044	191.1925
483.097	53.1009
483.15	-72.9955
483.203	109.8589
483.255	152.5737
483.308	47.8347
483.361	24.4293
483.414	86.161
483.467	-65.6813
483.52	20.3334
483.573	295.3464
483.626	222.4972
483.679	21.2111
483.732	175.1013
483.784	206.6986
483.837	43.7388
483.89	366.1476
483.943	184.756
483.996	152.5737
484.049	129.1683
484.102	175.1013
484.154	292.4207
484.207	254.387
484.26	70.0698
484.313	205.2357
484.366	128.2906
484.419	1.3166
484.471	205.8209
484.524	-168.9574
484.577	463.8649
484.63	34.6692
484.682	31.1584
484.735	-20.626
484.788	211.6722
484.841	211.0871
484.894	-181.5378
484.946	70.9475
484.999	431.6826
485.052	3.3645
485.104	135.6048
485.157	64.511
485.21	254.0944
485.263	205.8209
485.315	74.4583
485.368	244.7323
485.421	392.4786
485.473	124.7798
485.526	164.2764
485.579	72.4103
485.631	42.2759
485.684	194.9959
485.737	371.9989
485.789	-168.0797
485.842	78.5542
485.895	86.161
485.947	180.6601
486	284.8139
486.052	82.065
486.105	65.3887
486.158	152.2811
486.21	161.0581
486.263	177.1493
486.315	431.6826
486.368	197.0439
486.421	189.1445
486.473	227.7634
486.526	72.7029
486.578	42.8611
486.631	227.1782
486.683	251.4613
486.736	-74.1657
486.788	121.269
486.841	-106.0555
486.894	6.5828
486.946	59.5374
486.999	182.1229
487.051	-65.6813
487.104	293.2984
487.156	84.113
487.209	88.5015
487.261	232.4445
487.313	-107.2258
487.366	231.8593
487.418	120.6839
487.471	104.0076
487.523	224.5451
487.576	218.6938
487.628	-77.384
487.681	232.1519
487.733	167.4946
487.785	135.8974
487.838	55.4414
487.89	170.4203
487.943	243.562
487.995	204.9432
488.047	278.0849
488.1	-200.8472
488.152	256.1424
488.205	-79.1394
488.257	149.648
488.309	-158.7176
488.362	381.361
488.414	206.1134
488.466	196.7513
488.519	-36.7172
488.571	185.6337
488.623	168.0797
488.676	165.4466
488.728	19.1631
488.78	86.161
488.833	94.3528
488.885	29.1104
488.937	-261.7011
488.989	-49.5901
489.042	228.9336
489.094	114.2474
489.146	144.3818
489.198	131.8014
489.251	37.8874
489.303	128.5832
489.355	178.3196
489.407	179.7824
489.46	80.8948
489.512	254.6795
489.564	-167.4946
489.616	9.2159
489.668	242.0992
489.721	-33.7915
489.773	244.7323
489.825	206.9911
489.877	49.005
489.929	185.0486
489.982	287.7396
490.034	479.9561
490.086	394.8191
490.138	37.5949
490.19	142.0413
490.242	508.3351
490.294	188.2668
490.346	38.7651
490.399	263.164
490.451	244.7323
490.503	78.8468
490.555	85.8684
490.607	-156.9622
490.659	9.2159
490.711	363.807
490.763	184.756
490.815	132.094
490.867	-9.5084
490.919	325.7733
490.971	178.027
491.023	393.6489
491.076	400.3779
491.128	312.6078
491.18	71.2401
491.232	-169.25
491.284	219.2789
491.336	351.5192
491.388	257.6052
491.44	-96.6934
491.492	327.5287
491.544	83.8204
491.596	306.4639
491.648	173.0534
491.699	11.2638
491.751	267.8451
491.803	44.0313
491.855	50.4678
491.907	261.116
491.959	54.5637
492.011	257.0201
492.063	183.2932
492.115	440.4596
492.167	55.1489
492.219	139.1156
492.271	53.3935
492.323	413.2508
492.374	569.7742
492.426	217.5235
492.478	474.6899
492.53	133.8494
492.582	88.5015
492.634	111.9069
492.686	289.7876
492.737	265.212
492.789	92.5974
492.841	328.4064
492.893	355.9077
492.945	312.3152
492.997	81.4799
493.048	100.4968
493.1	31.1584
493.152	18.8706
493.204	-21.5037
493.256	-53.9786
493.307	0.1463
493.359	206.406
493.411	42.5685
493.463	181.5378
493.514	293.2984
493.566	-37.5949
493.618	142.919
493.67	30.5732
493.721	76.5063
493.773	160.473
493.825	304.7085
493.876	-88.2089
493.928	55.1489
493.98	453.0399
494.032	137.6528
494.083	434.6082
494.135	-0.4389
494.187	371.4138
494.238	111.6143
494.29	181.5378
494.342	115.7102
494.393	401.8407
494.445	144.0892
494.497	259.6532
494.548	-260.8234
494.6	196.1661
494.651	223.3749
494.703	174.5162
494.755	-13.8969
494.806	177.4419
494.858	-137.3602
494.909	-198.7993
494.961	592.5944
495.013	71.8252
495.064	-52.5158
495.116	87.0387
495.167	45.2016
495.219	144.3818
495.27	194.4107
495.322	244.4397
495.373	88.5015
495.425	8.3382
495.476	317.2889
495.528	103.1299
495.579	-15.0672
495.631	133.5568
495.682	-64.511
495.734	75.0434
495.785	-238.5884
495.837	287.447
495.888	-78.8468
495.94	221.0343
495.991	111.9069
496.043	99.0339
496.094	-172.1757
496.146	145.5521
496.197	-245.0248
496.249	39.9354
496.3	40.8131
496.351	108.1035
496.403	247.9505
496.454	67.1441
496.506	25.0145
496.557	-95.2305
496.608	331.0395
496.66	207.2837
496.711	-36.7172
496.763	-6.8753
496.814	70.6549
496.865	234.785
496.917	319.0443
496.968	417.0542
497.019	-297.6869
497.071	-5.9976
497.122	-31.4509
497.173	54.5637
497.225	110.1515
497.276	260.2383
497.327	59.2448
497.378	128.5832
497.43	417.3468
497.481	223.96
497.532	13.3118
497.584	46.3719
497.635	153.4514
497.686	116.8805
497.737	348.8861
497.789	125.0724
497.84	89.6718
497.891	150.8183
497.942	158.425
497.994	194.9959
498.045	186.2189
498.096	299.1497
498.147	327.8213
498.198	300.6126
498.25	197.629
498.301	197.3364
498.352	418.2245
498.403	324.603
498.454	108.9812
498.505	197.629
498.557	65.9739
498.608	185.3412
498.659	192.0702
498.71	6.5828
498.761	190.6074
498.812	150.5257
498.863	177.4419
498.915	-37.0097
498.966	13.3118
499.017	238.0032
499.068	147.6
499.119	192.6553
499.17	211.6722
499.221	161.3507
499.272	19.4557
499.323	151.9885
499.374	-27.0624
499.425	227.1782
499.476	-54.8563
499.527	171.5905
499.579	269.3079
499.63	107.8109
499.681	-55.4414
499.732	455.0879
499.783	100.4968
499.834	-91.4272
499.885	162.8135
499.936	-59.5374
499.987	-131.5089
500.038	250.5836
500.089	215.183
500.14	229.2262
500.19	48.4198
500.241	-54.5637
500.292	145.8446
500.343	27.9401
500.394	201.4324
500.445	326.651
500.496	-236.833
500.547	563.0451
500.598	98.7414
500.649	-24.1368
500.7	358.2482
500.751	39.9354
500.802	305.5862
500.852	156.0845
500.903	-16.53
500.954	541.1026
501.005	27.9401
501.056	459.1839
501.107	18.578
501.158	313.1929
501.209	110.444
501.259	37.8874
501.31	156.6696
501.361	371.7063
501.412	72.4103
501.463	149.3554
501.513	-320.2145
501.564	407.9846
501.615	315.2409
501.666	96.6934
501.717	-59.8299
501.767	253.2167
501.818	171.0054
501.869	113.3697
501.92	62.463
501.97	342.7422
502.021	417.0542
502.072	-41.6908
502.123	18.2854
502.173	137.0676
502.224	209.6242
502.275	118.0508
502.326	-30.2807
502.376	130.6311
502.427	-51.6381
502.478	96.9859
502.528	45.7867
502.579	311.7301
502.63	225.1303
502.68	148.4777
502.731	240.3438
502.782	171.8831
502.832	-158.7176
502.883	-53.686
502.934	269.893
502.984	190.8999
503.035	273.989
503.085	6.2902
503.136	135.3122
503.187	346.5456
503.237	109.8589
503.288	178.3196
503.338	223.96
503.389	235.0776
503.44	252.9241
503.49	186.804
503.541	185.0486
503.591	247.3654
503.642	234.1999
503.692	217.8161
503.743	-77.6765
503.793	288.3247
503.844	274.5741
503.895	519.7452
503.945	333.0875
503.996	163.6912
504.046	245.61
504.097	353.2746
504.147	148.1852
504.198	164.8615
504.248	-51.9306
504.298	205.5283
504.349	-184.1709
504.399	-77.384
504.45	19.7483
504.5	-64.8036
504.551	-59.2448
504.601	85.2833
504.652	200.5547
504.702	137.9453
504.752	87.9164
504.803	259.9457
504.853	62.463
504.904	228.0559
504.954	-96.9859
505.004	161.0581
505.055	153.1588
505.105	135.6048
505.156	240.9289
505.206	168.3723
505.256	-89.0866
505.307	546.6614
505.357	165.4466
505.407	279.2552
505.458	43.1536
505.508	-7.1679
505.558	176.5642
505.609	234.785
505.659	87.9164
505.709	260.5309
505.76	65.9739
505.81	116.5879
505.86	20.9185
505.91	544.0283
505.961	114.8325
506.011	161.9358
506.061	302.6605
506.112	-35.8395
506.162	74.4583
506.212	362.6368
506.262	-68.0218
506.312	40.5205
506.363	-31.4509
506.413	118.0508
506.463	100.7893
506.513	418.8096
506.564	119.8062
506.614	232.4445
506.664	9.2159
506.714	196.4587
506.764	73.5806
506.814	254.9721
506.865	88.2089
506.915	-0.4389
506.965	304.1234
507.015	193.2405
507.065	269.3079
507.115	10.6787
507.165	184.756
507.216	256.1424
507.266	268.4302
507.316	72.9955
507.366	82.6502
507.416	186.804
507.466	292.4207
507.516	193.8256
507.566	275.7444
507.616	255.5572
507.666	134.7271
507.717	146.4298
507.767	315.5335
507.817	506.2871
507.867	247.9505
507.917	206.1134
507.967	265.7971
508.017	189.4371
508.067	289.7876
508.117	142.0413
508.167	338.9388
508.217	142.6264
508.267	419.3947
508.317	263.7491
508.367	297.1018
508.417	263.4566
508.467	131.5089
508.517	151.4034
508.567	11.2638
508.617	355.9077
508.667	17.7003
508.716	298.5646
508.766	186.804
508.816	70.3624
508.866	348.5935
508.916	213.135
508.966	135.0197
509.016	316.7037
509.066	252.9241
509.116	80.8948
509.166	-46.0793
509.216	223.96
509.265	125.0724
509.315	404.7664
509.365	248.8282
509.415	144.3818
509.465	-99.9116
509.515	336.8909
509.565	248.8282
509.614	114.8325
509.664	114.8325
509.714	125.6575
509.764	-86.7461
509.814	164.5689
509.863	129.4609
509.913	238.8809
509.963	-97.8636
510.013	128.2906
510.063	-149.3554
510.112	10.3861
510.162	289.7876
510.212	95.2305
510.262	-13.8969
510.311	57.1968
510.361	40.8131
510.411	174.8088
510.461	180.6601
510.51	50.4678
510.56	82.9427
510.61	247.9505
510.659	-21.7962
510.709	96.1082
510.759	30.8658
510.809	140.2859
510.858	10.9713
510.908	52.2232
510.958	33.7915
511.007	-112.492
511.057	-31.1584
511.107	56.9043
511.156	-242.9769
511.206	141.1636
511.255	110.1515
511.305	5.9976
511.355	8.6307
511.404	87.6238
511.454	213.135
511.504	142.6264
511.553	15.9449
511.603	-51.6381
511.652	216.6458
511.702	80.8948
511.751	-39.9354
511.801	85.8684
511.851	541.3952
511.9	48.1273
511.95	161.9358
511.999	83.5279
512.049	173.9311
512.098	-54.8563
512.148	25.0145
512.197	158.425
512.247	68.607
512.296	44.3239
512.346	336.5983
512.395	308.8044
512.445	37.3023
512.494	313.4855
512.544	-50.7604
512.593	203.1878
512.643	247.3654
512.692	20.3334
512.742	-114.8325
512.791	141.7487
512.84	56.9043
512.89	20.9185
512.939	405.6441
512.989	142.0413
513.038	326.651
513.088	202.8952
513.137	172.7608
513.186	312.9004
513.236	216.0607
513.285	92.89
513.335	213.135
513.384	36.4246
513.433	34.3766
513.483	-46.957
513.532	340.6942
513.581	101.667
513.631	5.7051
513.68	109.8589
513.729	41.1057
513.779	233.3222
513.828	35.5469
513.877	9.801
513.927	45.4942
513.976	204.9432
514.025	34.0841
514.074	-9.5084
514.124	-73.288
514.173	-0.1463
514.222	-45.7867
514.272	158.425
514.321	-10.6787
514.37	173.0534
514.419	178.9047
514.469	246.4877
514.518	156.9622
514.567	-109.5663
514.616	249.4133
514.665	-40.228
514.715	315.5335
514.764	171.298
514.813	329.2841
514.862	65.6813
514.911	123.0244
514.961	26.1847
515.01	207.2837
515.059	175.979
515.108	-27.6476
515.157	-52.5158
515.206	196.4587
515.256	159.0101
515.305	-36.7172
515.354	62.7556
515.403	65.0961
515.452	205.5283
515.501	-209.9168
515.55	69.4847
515.599	229.2262
515.648	149.9406
515.698	-88.2089
515.747	266.9674
515.796	288.3247
515.845	-135.3122
515.894	161.9358
515.943	344.205
515.992	-31.7435
516.041	207.8688
516.09	-91.1346
516.139	-120.0987
516.188	211.9648
516.237	-93.4751
516.286	362.9293
516.335	-51.9306
516.384	265.212
516.433	10.9713
516.482	184.756
516.531	78.5542
516.58	172.1757
516.629	172.1757
516.678	172.1757
