297.849	-2197.8849
297.92	-2197.8849
297.991	-2197.8849
298.062	-2186.1823
298.133	58.0989
298.204	-339.4996
298.275	-254.3626
298.346	197.3608
298.417	205.2601
298.488	-204.6262
298.559	-138.5061
298.63	731.2955
298.701	-184.4391
298.772	-58.0502
298.843	-399.1832
298.914	-115.9784
298.985	560.729
299.056	43.178
299.127	462.719
299.198	-577.6491
299.268	430.8292
299.339	345.1071
299.41	133.2886
299.481	647.9139
299.552	182.4399
299.623	196.1905
299.694	519.7696
299.765	-113.3453
299.836	-187.3648
299.907	490.5129
299.977	63.3651
300.048	44.6408
300.119	118.9529
300.19	303.8552
300.261	339.8409
300.332	93.4995
300.402	208.4783
300.473	222.5216
300.544	5.7294
300.615	-89.94
300.686	245.3418
300.756	-241.7822
300.827	337.5004
300.898	-312.876
300.969	48.1516
301.04	-0.4145
301.11	57.5138
301.181	-131.777
301.252	350.6659
301.323	101.1063
301.393	-168.6405
301.464	150.5501
301.535	161.0825
301.606	191.2169
301.676	-78.8224
301.747	-13.2874
301.818	768.7441
301.888	501.923
301.959	505.1412
302.03	-229.4944
302.1	104.3245
302.171	19.4801
302.242	546.1006
302.312	-177.1249
302.383	259.0924
302.454	18.3098
302.524	34.401
302.595	-194.3864
302.666	403.3279
302.736	150.8427
302.807	571.2614
302.878	151.4278
302.948	-48.3955
303.019	420.2968
303.089	343.3517
303.16	37.6192
303.231	-67.7049
303.301	499.2899
303.372	70.3867
303.442	306.4883
303.513	73.3124
303.583	54.003
303.654	332.2342
303.724	39.9598
303.795	500.7527
303.866	271.0877
303.936	168.9818
304.007	853.8811
304.077	-327.7969
304.148	152.3055
304.218	266.4066
304.289	272.2579
304.359	-292.1037
304.43	-316.6794
304.5	343.3517
304.57	402.7428
304.641	13.6287
304.711	219.0108
304.782	851.5405
304.852	451.6015
304.923	445.4576
304.993	137.3846
305.064	647.9139
305.134	447.7981
305.204	527.9615
305.275	343.0591
305.345	297.1261
305.416	591.4485
305.486	175.4183
305.556	38.4969
305.627	517.7216
305.697	409.4718
305.768	137.092
305.838	269.0397
305.908	598.4701
305.979	217.5479
306.049	583.2566
306.119	447.5056
306.19	423.5151
306.26	366.7571
306.33	520.3547
306.401	154.9386
306.471	597.5924
306.541	-146.4054
306.611	573.3093
306.682	80.9191
306.752	795.0751
306.822	431.4144
306.893	202.3344
306.963	1.6335
307.033	437.5583
307.103	31.1828
307.174	350.6659
307.244	66.8759
307.314	888.6965
307.384	686.5328
307.455	412.6901
307.525	-59.2204
307.595	734.5137
307.665	111.3461
307.735	276.3539
307.806	-46.6401
307.876	-69.1677
307.946	102.5691
308.016	397.7692
308.086	436.388
308.156	127.1447
308.227	343.0591
308.297	474.1291
308.367	247.3897
308.437	639.4295
308.507	321.9943
308.577	-10.0692
308.647	-35.2299
308.717	290.1045
308.788	38.4969
308.858	381.9706
308.928	474.7143
308.998	58.6841
309.068	-26.7455
309.138	491.098
309.208	138.2623
309.278	141.4805
309.348	78.5786
309.418	572.7242
309.488	204.9675
309.558	846.5669
309.628	535.5682
309.698	202.0419
309.768	296.541
309.838	-44.0069
309.908	534.1054
309.978	560.4364
310.048	583.5492
310.118	197.9459
310.188	467.1075
310.258	472.0812
310.328	347.1551
310.398	819.3582
310.468	551.0743
310.538	603.7363
310.608	929.6559
310.678	718.7151
310.748	1174.5345
310.818	1121.5798
310.888	1036.4429
310.958	824.9169
311.028	1201.1581
311.098	1040.8314
311.168	1332.8132
311.237	1430.238
311.307	719.8854
311.377	852.4182
311.447	967.1045
311.517	1310.2855
311.587	1200.5729
311.657	1317.5997
311.727	1785.1217
311.796	1732.4597
311.866	2072.1299
311.936	1438.4299
312.006	1797.7021
312.076	1816.7189
312.146	1898.6377
312.215	1894.5418
312.285	2599.6281
312.355	3775.4548
312.425	4153.4513
312.495	3815.5364
312.564	3160.479
312.634	2682.7172
312.704	1549.6053
312.774	982.9031
312.843	871.1425
312.913	868.5094
312.983	1468.5643
313.053	833.9865
313.122	1064.5293
313.192	1432.5785
313.262	1517.1304
313.331	1715.1982
313.401	2219.2911
313.471	2463.2919
313.541	2788.6264
313.61	3733.0326
313.68	4212.2572
313.75	4499.558
313.819	5321.9637
313.889	5177.1431
313.959	5295.9253
314.028	5526.1755
314.098	5319.6232
314.168	6446.8837
314.237	9421.1195
314.307	11111.5714
314.376	11732.6911
314.446	10598.1164
314.516	9084.96
314.585	6009.7887
314.655	3343.6259
314.724	1507.7682
314.794	1058.3854
314.864	1276.9329
314.933	1166.05
315.003	1677.1645
315.072	1628.3058
315.142	1743.8698
315.211	1973.8274
315.281	1959.1991
315.351	2311.1571
315.42	2438.4237
315.49	3423.7893
315.559	4074.4582
315.629	4697.9184
315.698	5423.1919
315.768	6462.0972
315.837	7010.3677
315.907	8184.7315
315.976	8656.9346
316.046	9464.4194
316.115	10503.0321
316.185	11143.4612
316.254	11507.7071
316.323	11603.9616
316.393	12027.5986
316.462	13576.4481
316.532	17971.0964
316.601	24711.2542
316.671	28171.7362
316.74	27790.5215
316.809	25715.9291
316.879	19485.4231
316.948	10097.2417
317.018	3884.8748
317.087	2080.0292
317.156	1037.9057
317.226	885.4783
317.295	750.0198
317.364	185.6581
317.434	540.5418
317.503	781.3245
317.573	489.3426
317.642	341.8889
317.711	784.5427
317.781	412.1049
317.85	416.4935
317.919	759.6745
317.988	419.4191
318.058	517.1365
318.127	293.6153
318.196	387.8219
318.266	695.0172
318.335	226.0324
318.404	622.168
318.473	199.1162
318.543	271.3802
318.612	117.7826
318.681	240.3681
318.75	87.3556
318.82	568.3357
318.889	513.6257
318.958	799.7562
319.027	459.2082
319.097	207.3081
319.166	515.9662
319.235	120.4157
319.304	366.4645
319.373	567.458
319.443	356.2247
319.512	494.3163
319.581	556.633
319.65	545.8081
319.719	453.0643
319.788	403.9131
319.857	332.2342
319.927	-34.6448
319.996	683.8997
320.065	38.4969
320.134	65.7057
320.203	382.5557
320.272	383.726
320.341	359.4429
320.41	590.5708
320.479	-185.0242
320.549	284.8383
320.618	140.3102
320.687	70.3867
320.756	423.2225
320.825	389.2847
320.894	513.9183
320.963	361.1983
321.032	115.7346
321.101	490.8055
321.17	434.34
321.239	775.7657
321.308	591.7411
321.377	-202.8708
321.446	-27.0381
321.515	263.1884
321.584	524.4507
321.653	472.0812
321.722	429.659
321.791	398.0617
321.86	-67.1197
321.929	456.2826
321.998	547.2709
322.067	311.1693
322.136	405.3759
322.205	85.8928
322.274	247.9749
322.343	286.0086
322.412	262.8958
322.48	131.2407
322.549	71.8496
322.618	439.8988
322.687	492.2683
322.756	494.0237
322.825	36.7415
322.894	358.2726
322.963	473.544
323.032	257.337
323.1	339.5483
323.169	32.9382
323.238	286.0086
323.307	684.1922
323.376	-27.0381
323.445	74.1901
323.513	219.5959
323.582	500.1676
323.651	-182.3911
323.72	617.1944
323.789	-389.5285
323.857	384.0185
323.926	318.191
323.995	157.8643
324.064	148.2095
324.133	131.5332
324.201	-289.4706
324.27	322.2869
324.339	721.6408
324.408	546.6858
324.476	377.582
324.545	-13.8726
324.614	-60.6833
324.682	128.9001
324.751	206.7229
324.82	77.4083
324.889	6.3146
324.957	203.7973
325.026	313.8024
325.095	258.7999
325.163	595.5444
325.232	157.8643
325.301	185.3656
325.369	270.5025
325.438	340.7186
325.507	625.9714
325.575	-202.8708
325.644	505.1412
325.713	215.7925
325.781	427.611
325.85	187.7061
325.918	336.6227
325.987	556.3405
326.056	444.8724
326.124	93.7921
326.193	54.5881
326.261	454.8197
326.33	385.1888
326.399	310.5842
326.467	599.9329
326.536	626.264
326.604	539.9567
326.673	390.7476
326.741	901.5695
326.81	244.4641
326.878	900.3992
326.947	631.2376
327.015	1290.391
327.084	742.1205
327.152	1372.3097
327.221	911.8093
327.289	795.0751
327.358	1482.0223
327.426	1467.394
327.495	1752.6468
327.563	2640.0024
327.632	2519.7574
327.7	2030.878
327.769	1759.0833
327.837	1471.1974
327.905	418.2489
327.974	257.6296
328.042	614.5613
328.111	389.2847
328.179	1081.7907
328.248	536.4459
328.316	923.512
328.384	1013.6226
328.453	845.1041
328.521	1521.8114
328.59	1407.1252
328.658	1010.9895
328.726	1321.4031
328.795	1431.1157
328.863	1443.4035
328.931	1387.8158
329	1418.2427
329.068	1859.7263
329.136	2259.0802
329.205	2986.4017
329.273	3168.3783
329.341	3422.619
329.41	2563.0573
329.478	2082.6623
329.546	1683.601
329.614	1260.2566
329.683	468.5704
329.751	593.789
329.819	503.3858
329.887	525.3284
329.956	537.031
330.024	523.573
330.092	360.9057
330.16	388.407
330.229	16.2618
330.297	266.9917
330.365	704.0868
330.433	514.2108
330.502	663.1274
330.57	546.9783
330.638	558.3884
330.706	936.3849
330.774	448.6758
330.842	921.464
330.911	757.0414
330.979	1015.6706
331.047	697.0652
331.115	1398.3482
331.183	1147.9109
331.251	983.4882
331.32	1104.0258
331.388	1788.3399
331.456	1061.0185
331.524	1367.3361
331.592	1240.6546
331.66	1825.2034
331.728	2238.3079
331.796	2165.4588
331.864	1881.0837
331.932	1881.9614
332.001	967.9822
332.069	702.6239
332.137	642.3552
332.205	279.2795
332.273	494.0237
332.341	575.6499
332.409	245.6343
332.477	524.4507
332.545	465.0596
332.613	910.6391
332.681	574.7722
332.749	656.9835
332.817	288.0566
332.885	693.8469
332.953	518.3068
333.021	687.1179
333.089	673.6598
333.157	855.6365
333.225	431.1218
333.293	360.9057
333.361	671.0267
333.429	483.4913
333.497	887.5263
333.565	1269.9113
333.632	1321.6956
333.7	1386.3529
333.768	1130.942
333.836	1357.0962
333.904	1235.0958
333.972	1384.0124
334.04	1636.2051
334.108	1745.3326
334.176	1980.2639
334.244	1914.1437
334.311	1728.0712
334.379	1600.2194
334.447	2094.9501
334.515	2274.5862
334.583	2583.2444
334.651	3245.0309
334.718	3191.1985
334.786	3216.3593
334.854	3036.1381
334.922	2248.5478
334.99	1374.6503
335.058	1720.757
335.125	1431.1157
335.193	1742.9921
335.261	1419.9981
335.329	1500.7466
335.396	1638.8382
335.464	1384.8901
335.532	1891.3235
335.6	1917.6545
335.667	1860.3114
335.735	2717.5326
335.803	2311.7422
335.871	2735.3792
335.938	3307.9328
336.006	3747.9535
336.074	3852.6924
336.142	4514.1864
336.209	5034.3704
336.277	5947.4719
336.345	6178.5998
336.412	7507.439
336.48	8807.314
336.548	9856.1666
336.615	10812.2754
336.683	12930.7528
336.751	14386.2734
336.818	15416.6943
336.886	17972.5593
336.953	20340.0112
337.021	22040.1178
337.089	24670.2948
337.156	27368.3473
337.224	29822.6916
337.292	33137.7679
337.359	34302.1844
337.427	36578.6479
337.494	37728.1435
337.562	38629.2498
337.629	40062.2428
337.697	42765.5615
337.765	53825.4705
337.832	60571.7721
337.9	60571.7721
337.967	60571.7721
338.035	60571.7721
338.102	60571.7721
338.17	51779.8423
338.237	25996.5008
338.305	12385.1154
338.372	6260.226
338.44	3984.9327
338.507	2847.7249
338.575	2001.0361
338.642	1130.942
338.71	1649.9558
338.777	1281.614
338.845	1426.142
338.912	835.1568
338.98	869.0945
339.047	1075.6468
339.114	997.5314
339.182	720.4705
339.249	791.5643
339.317	1202.0358
339.384	256.4593
339.452	497.8271
339.519	585.012
339.586	800.3413
339.654	877.579
339.721	727.4921
339.788	776.6434
339.856	945.4545
339.923	417.9563
339.991	738.9022
340.058	928.1931
340.125	915.6127
340.193	845.1041
340.26	391.9178
340.327	915.0276
340.395	328.1382
340.462	442.5319
340.529	1128.894
340.597	438.1434
340.664	451.8941
340.731	586.7674
340.798	657.5686
340.866	886.0634
340.933	182.7324
341	881.0898
341.067	908.006
341.135	18.8949
341.202	574.4796
341.269	866.4614
341.336	694.7246
341.404	511.5777
341.471	612.5133
341.538	312.3396
341.605	710.8158
341.673	391.3327
341.74	458.038
341.807	353.0064
341.874	459.7934
341.941	383.1408
342.008	588.5228
342.076	664.8828
342.143	-125.6331
342.21	569.7985
342.277	471.7886
342.344	578.8681
342.411	442.8245
342.479	667.8085
342.546	-161.6189
342.613	741.5354
342.68	362.9537
342.747	135.9217
342.814	791.8569
342.881	402.4502
342.948	-19.1388
343.015	59.5618
343.082	603.7363
343.15	872.0202
343.217	446.6279
343.284	681.5591
343.351	279.2795
343.418	724.5665
343.485	584.4269
343.552	645.2808
343.619	737.732
343.686	626.8491
343.753	293.9079
343.82	660.2017
343.887	476.4697
343.954	670.149
344.021	425.8556
344.088	711.401
344.155	413.8604
344.222	699.6983
344.289	369.3902
344.356	1111.6326
344.423	837.4973
344.49	636.5038
344.557	357.1024
344.624	388.1145
344.691	232.1763
344.757	451.8941
344.824	375.2415
344.891	453.6495
344.958	774.888
345.025	463.3042
345.092	104.0319
345.159	470.3258
345.226	472.0812
345.293	386.6516
345.36	623.9234
345.426	473.544
345.493	728.3698
345.56	19.1875
345.627	650.8396
345.694	265.8215
345.761	291.8599
345.828	448.0907
345.894	346.8625
345.961	597.2998
346.028	245.0492
346.095	147.0393
346.162	508.652
346.228	234.8094
346.295	220.181
346.362	116.3197
346.429	573.6019
346.496	89.4036
346.562	674.5375
346.629	353.8841
346.696	114.8569
346.763	410.3495
346.829	851.8331
346.896	308.8288
346.963	195.6054
347.029	159.0345
347.096	740.9502
347.163	606.662
347.23	798.2933
347.296	310.5842
347.363	455.6974
347.43	723.3962
347.496	787.7609
347.563	738.3171
347.63	-53.3691
347.696	341.0112
347.763	735.684
347.83	467.9852
347.896	510.4074
347.963	602.566
348.03	839.8379
348.096	378.4597
348.163	579.7458
348.229	498.9973
348.296	788.3461
348.363	328.7234
348.429	427.9036
348.496	-19.1388
348.562	604.9066
348.629	543.4675
348.696	16.847
348.762	469.1555
348.829	256.4593
348.895	319.6538
348.962	903.3249
349.028	685.3625
349.095	547.5635
349.161	422.3448
349.228	453.942
349.294	515.6737
349.361	652.8876
349.427	542.8824
349.494	1118.6542
349.56	1272.5444
349.627	1158.7358
349.693	1314.0889
349.76	1396.5928
349.826	1374.6503
349.893	1500.7466
349.959	1579.4471
350.026	1845.6831
350.092	2235.0897
350.159	2079.4441
350.225	2811.1541
350.291	2128.5953
350.358	2169.5547
350.424	2393.3684
350.491	2677.1584
350.557	2760.54
350.623	3099.0399
350.69	4498.9729
350.756	5190.016
350.823	5478.7796
350.889	5419.6811
350.955	4874.6289
351.022	3811.7331
351.088	3095.8217
351.154	2203.1999
351.221	1073.8914
351.287	628.0194
351.353	946.3322
351.42	899.8141
351.486	903.6174
351.552	1259.964
351.619	621.2903
351.685	1144.1075
351.751	909.4688
351.818	1269.3262
351.884	1293.9018
351.95	1370.2618
352.016	1428.4826
352.083	1001.9199
352.149	1448.0846
352.215	1426.142
352.281	1506.3054
352.348	1191.2108
352.414	1968.5612
352.48	2228.3607
352.546	2221.0465
352.613	2258.4951
352.679	2831.6337
352.745	2066.5711
352.811	2790.0892
352.877	3358.5468
352.943	4049.2974
353.01	4194.9958
353.076	4489.3182
353.142	5141.7425
353.208	5598.7321
353.274	5376.6738
353.34	6180.9404
353.407	6790.9425
353.473	7149.337
353.539	8140.5539
353.605	8447.7492
353.671	9922.2867
353.737	10629.7136
353.803	10401.5114
353.869	11385.7066
353.936	11809.9287
354.002	11946.8501
354.068	12673.879
354.134	13121.2139
354.2	14907.6278
354.266	17952.9573
354.332	22993.301
354.398	27655.6481
354.464	29270.9103
354.53	27819.4856
354.596	24878.3099
354.662	18536.6284
354.728	11746.4417
354.794	7156.3586
354.86	4226.3005
354.926	2701.4414
354.992	2205.5404
355.058	1981.7267
355.124	2135.3244
355.19	1238.3141
355.256	1310.2855
355.322	1042.2942
355.388	1959.7842
355.454	868.5094
355.52	1802.6757
355.586	1884.887
355.652	1925.2613
355.718	1795.3616
355.784	1649.9558
355.85	1814.3784
355.915	2364.4043
355.981	2227.1904
356.047	2678.6212
356.113	2711.6813
356.179	2641.4652
356.245	3309.103
356.311	2838.9479
356.377	3506.8783
356.443	3570.0728
356.508	4412.0805
356.574	4823.1371
356.64	5208.4478
356.706	5549.2883
356.772	6150.5134
356.838	7220.1382
356.903	7038.1616
356.969	8603.6874
357.035	9453.5944
357.101	10498.6436
357.167	11581.4339
357.232	12556.2671
357.298	13353.8046
357.364	15426.349
357.43	16519.3792
357.496	18382.153
357.561	19586.6512
357.627	21855.508
357.693	22852.2837
357.759	24434.4858
357.824	25680.5285
357.89	26626.6901
357.956	28769.158
358.021	29334.3973
358.087	30492.0848
358.153	32160.0091
358.219	35417.4497
358.284	42858.3053
358.35	55959.7465
358.416	60571.7721
358.481	60571.7721
358.547	60571.7721
358.613	58521.7554
358.678	44707.621
358.744	28581.9151
358.81	16672.9768
358.875	9798.8234
358.941	5544.6072
359.006	3062.7616
359.072	2397.1718
359.138	3404.7724
359.203	1533.2216
359.269	1177.4601
359.335	1263.7674
359.4	1230.7073
359.466	660.4943
359.531	1031.7618
359.597	936.9701
359.662	744.461
359.728	889.5742
359.794	1306.7747
359.859	236.5648
359.925	658.4463
359.99	315.2653
360.056	520.6473
360.121	1009.8193
360.187	660.4943
360.252	588.2303
360.318	176.0034
360.383	143.5285
360.449	479.3954
360.514	591.4485
360.58	470.6183
360.645	783.665
360.711	75.3604
360.776	499.2899
360.842	902.4472
360.907	609.0025
360.972	522.9878
361.038	500.4602
361.103	530.0094
361.169	797.1231
361.234	579.4533
361.3	867.3391
361.365	396.8915
361.43	467.4001
361.496	539.9567
361.561	877.579
361.627	555.4628
361.692	77.1158
361.757	72.1421
361.823	240.3681
361.888	1101.3927
361.953	272.2579
362.019	333.1119
362.084	387.5293
362.149	575.3573
362.215	386.9442
362.28	395.7212
362.345	453.0643
362.411	378.4597
362.476	336.6227
362.541	684.7774
362.607	613.6836
362.672	429.659
362.737	596.1296
362.802	603.4437
362.868	718.4226
362.933	455.6974
362.998	798.5859
363.063	843.6412
363.129	553.7074
363.194	541.7121
363.259	184.7804
363.324	96.4252
363.39	407.4239
363.455	123.9265
363.52	442.5319
363.585	222.5216
363.65	533.8128
363.716	1174.5345
363.781	664.2977
363.846	671.6118
363.911	872.6054
363.976	179.2216
364.042	565.9952
364.107	563.6546
364.172	549.3189
364.237	831.3534
364.302	502.5081
364.367	791.2717
364.432	730.7104
364.497	607.5397
364.563	589.108
364.628	814.6771
364.693	1262.8897
364.758	1467.9791
364.823	444.5799
364.888	949.843
364.953	1198.8175
365.018	1636.2051
365.083	1125.6758
365.148	880.7972
365.213	455.4049
365.278	1087.6421
365.343	600.5181
365.408	488.1724
365.474	452.1866
365.539	428.4887
365.604	421.7597
365.669	715.4969
365.734	565.1175
365.799	210.5263
365.864	283.9606
365.929	593.789
365.994	922.0492
366.058	387.8219
366.123	462.4265
366.188	233.054
366.253	977.6369
366.318	224.8621
366.383	179.2216
366.448	387.8219
366.513	122.1711
366.578	1510.1088
366.643	659.0315
366.708	951.0133
366.773	879.627
366.838	993.7281
366.903	1186.8223
366.967	1038.1983
367.032	1346.8564
367.097	1784.8291
367.162	1472.6602
367.227	1632.1092
367.292	1234.5107
367.357	2110.1636
367.422	1862.652
367.486	1540.5357
367.551	1755.865
367.616	1709.0543
367.681	1883.1316
367.746	2173.3581
367.81	3045.2076
367.875	3163.9898
367.94	2618.9376
368.005	3544.0343
368.07	2319.9341
368.134	2189.4493
368.199	1920.8728
368.264	1019.474
368.329	1070.9658
368.393	339.5483
368.458	618.3647
368.523	408.5941
368.588	465.6447
368.652	549.904
368.717	707.305
368.782	558.0959
368.847	-105.1534
368.911	689.4584
368.976	583.8418
369.041	619.5349
369.105	381.3854
369.17	946.6248
369.235	559.2661
369.299	635.041
369.364	215.7925
369.429	1040.2462
369.493	618.3647
369.558	635.6261
369.623	6.022
369.687	453.3569
369.752	635.9187
369.817	613.6836
369.881	922.6343
369.946	750.3124
370.01	956.5721
370.075	845.6892
370.14	919.1235
370.204	934.0444
370.269	1054.2894
370.333	1230.9999
370.398	1351.2449
370.462	1971.1943
370.527	1797.9947
370.592	2036.4367
370.656	2571.8343
370.721	2178.9168
370.785	2774.2906
370.85	2364.1117
370.914	2999.8597
370.979	3319.3429
371.043	3541.6938
371.108	3478.2067
371.172	3831.9202
371.237	3365.5685
371.301	3780.1358
371.366	3326.3645
371.43	3937.5369
371.495	4350.934
371.559	4431.0973
371.623	6370.8163
371.688	7512.9977
371.752	8637.3326
371.817	8752.604
371.881	7962.6732
371.946	7755.5358
372.01	5981.4097
372.074	3621.8571
372.139	2355.3347
372.203	1866.7479
372.268	1037.6131
372.332	957.4498
372.396	540.5418
372.461	689.1659
372.525	1048.4381
372.59	836.9122
372.654	822.2838
372.718	624.5086
372.783	907.7134
372.847	696.1875
372.911	878.1641
372.976	630.945
373.04	903.3249
373.104	771.9623
373.169	787.4684
373.233	766.4035
373.297	520.0622
373.361	1133.5751
373.426	929.3633
373.49	1197.0621
373.554	1044.6347
373.619	971.493
373.683	804.4372
373.747	1721.6347
373.811	1123.9204
373.875	595.5444
373.94	895.7181
374.004	1560.4303
374.068	1376.1131
374.132	1386.0604
374.197	1794.1913
374.261	1211.1053
374.325	1824.9108
374.389	2300.9173
374.453	2069.2042
374.518	2139.7129
374.582	2219.8762
374.646	2317.301
374.71	2500.7405
374.774	2906.2383
374.838	2933.1545
374.903	3279.2612
374.967	3575.9241
375.031	4257.6051
375.095	4243.5619
375.159	4951.574
375.223	4804.4128
375.287	5520.3241
375.351	5280.7118
375.415	5894.8099
375.48	6255.8375
375.544	6132.9594
375.608	7056.5933
375.672	7565.9524
375.736	7773.6749
375.8	8456.5262
375.864	8263.7246
375.928	8795.9039
375.992	9323.9872
376.056	11005.9547
376.12	13922.8474
376.184	16811.6536
376.248	18334.4646
376.312	17923.1155
376.376	17069.4051
376.44	14054.2099
376.504	10117.7214
376.568	7052.2048
376.632	4405.3514
376.696	3103.721
376.76	1998.1105
376.824	1762.8866
376.888	1252.9424
376.952	978.222
377.016	967.1045
377.08	207.8932
377.144	794.1974
377.208	902.7397
377.272	603.1512
377.335	933.4593
377.399	719.0077
377.463	273.1356
377.527	599.3478
377.591	948.9653
377.655	1049.6084
377.719	-80.8704
377.783	734.2212
377.847	523.2804
377.91	544.6378
377.974	748.2644
378.038	1059.2631
378.102	973.2484
378.166	1239.1918
378.23	740.3651
378.293	908.2985
378.357	423.8076
378.421	1034.1023
378.485	862.0729
378.549	1051.9489
378.612	1118.3616
378.676	1126.846
378.74	1502.7946
378.804	1176.2899
378.868	1760.8387
378.931	1804.7237
378.995	1469.442
379.059	1755.5724
379.123	1366.751
379.186	1836.3209
379.25	2022.101
379.314	2053.4056
379.378	2343.632
379.441	2497.5223
379.505	2851.8209
379.569	2801.2068
379.632	2974.9916
379.696	3054.5698
379.76	3407.6981
379.823	3565.9768
379.887	3962.6976
379.951	4747.0697
380.014	3972.6449
380.078	4971.7611
380.142	5065.9677
380.205	5745.0156
380.269	5776.9054
380.333	6605.7476
380.396	7077.3655
380.46	7335.9947
380.523	7777.4783
380.587	7928.7354
380.651	8303.5137
380.714	8671.5629
380.778	9111.2911
380.841	9388.9371
380.905	10117.4289
380.969	10419.6505
381.032	13717.4654
381.096	16827.7447
381.159	19692.5605
381.223	20428.9515
381.286	19880.681
381.35	18250.4979
381.413	13737.3599
381.477	9311.6994
381.54	6467.656
381.604	4408.5697
381.667	2822.2716
381.731	1455.1062
381.794	1384.0124
381.858	897.4735
381.921	522.9878
381.985	547.2709
382.048	583.8418
382.112	290.3971
382.175	293.3228
382.239	353.0064
382.302	353.5916
382.365	337.7929
382.429	580.9161
382.492	43.4706
382.556	101.6914
382.619	293.9079
382.683	256.7519
382.746	490.2203
382.809	684.7774
382.873	527.6689
382.936	715.2043
383	1050.4861
383.063	340.426
383.126	441.6542
383.19	551.3668
383.253	510.7
383.316	500.4602
383.38	233.054
383.443	135.3366
383.506	469.1555
383.57	419.1266
383.633	259.6776
383.696	138.2623
383.76	402.7428
383.823	564.5323
383.886	397.4766
383.949	577.9904
384.013	-129.4365
384.076	122.7562
384.139	497.5345
384.202	262.3107
384.266	726.907
384.329	401.8651
384.392	565.41
384.455	643.818
384.519	274.891
384.582	673.0747
384.645	323.1646
384.708	688.5807
384.772	288.0566
384.835	364.4165
384.898	596.7147
384.961	253.5337
385.024	950.7207
385.087	876.4087
385.151	266.9917
385.214	565.9952
385.277	821.6987
385.34	561.0215
385.403	772.5474
385.466	790.394
385.53	317.6058
385.593	857.6844
385.656	752.3603
385.719	1225.1485
385.782	910.0539
385.845	749.1421
385.908	927.6079
385.971	1014.2078
386.034	797.1231
386.097	762.6002
386.161	835.1568
386.224	967.1045
386.287	1682.4307
386.35	1209.0574
386.413	1625.0876
386.476	1321.4031
386.539	1605.193
386.602	1350.9523
386.665	986.4139
386.728	1132.1122
386.791	1265.2302
386.854	440.4839
386.917	490.5129
386.98	563.9472
387.043	608.1248
387.106	400.4023
387.169	586.1823
387.232	628.8971
387.295	355.6395
387.358	431.4144
387.421	451.8941
387.484	383.4334
387.547	428.4887
387.609	631.2376
387.672	243.5864
387.735	1016.5483
387.798	614.8539
387.861	836.327
387.924	630.945
387.987	975.2964
388.05	143.2359
388.113	962.4234
388.176	514.2108
388.238	786.5907
388.301	493.146
388.364	335.745
388.427	532.35
388.49	1180.3858
388.553	314.9727
388.616	1093.4934
388.678	404.2056
388.741	616.6093
388.804	812.6291
388.867	994.6058
388.93	1785.9994
388.992	722.5185
389.055	1056.3374
389.118	1125.3832
389.181	1044.0496
389.244	1522.6891
389.306	1437.2596
389.369	1602.2674
389.432	1159.6135
389.495	1583.2505
389.557	1769.0305
389.62	1424.6792
389.683	1318.4774
389.746	1348.9044
389.808	1232.7553
389.871	1837.7838
389.934	1753.5245
389.996	2564.2275
390.059	2803.8399
390.122	3221.0404
390.185	3422.0339
390.247	2466.5102
390.31	2663.4077
390.373	2117.1852
390.435	1435.2116
390.498	1019.474
390.561	963.0085
390.623	852.1257
390.686	480.5656
390.748	566.5803
390.811	387.8219
390.874	403.6205
390.936	917.6607
390.999	585.3046
391.061	421.7597
391.124	541.4195
391.187	499.2899
391.249	562.7769
391.312	350.3733
391.374	365.5868
391.437	767.8664
391.499	697.0652
391.562	410.3495
391.625	837.7899
391.687	570.6762
391.75	304.4403
391.812	689.751
391.875	478.5177
391.937	394.2584
392	691.5064
392.062	1074.4766
392.125	1017.426
392.187	732.4658
392.25	637.0889
392.312	775.4731
392.375	656.3984
392.437	662.5423
392.5	749.1421
392.562	864.9986
392.624	643.818
392.687	569.2134
392.749	914.4424
392.812	913.2722
392.874	812.044
392.937	140.8954
392.999	527.6689
393.061	1111.9251
393.124	685.3625
393.186	759.6745
393.249	908.006
393.311	664.5902
393.373	1305.0193
393.436	1010.4044
393.498	550.7817
393.56	1707.5915
393.623	1007.4787
393.685	1444.5738
393.748	1920.5802
393.81	1870.5513
393.872	1865.5776
393.935	1693.2557
393.997	1769.0305
394.059	1672.1909
394.121	2178.3317
394.184	1975.2902
394.246	2223.0945
394.308	2196.1783
394.371	2337.7807
394.433	2134.4467
394.495	1796.8244
394.557	2326.3706
394.62	2378.4475
394.682	2617.1822
394.744	3562.466
394.806	4133.5567
394.869	4716.6427
394.931	4849.7607
394.993	5154.0303
395.055	4583.2322
395.117	4069.192
395.18	3328.9976
395.242	2750.0076
395.304	1625.3802
395.366	888.6965
395.428	850.0777
395.491	935.7998
395.553	555.1702
395.615	816.1399
395.677	435.2177
395.739	343.9368
395.801	266.114
395.863	596.1296
395.926	593.789
395.988	537.9087
396.05	96.7178
396.112	475.0068
396.174	370.853
396.236	93.207
396.298	199.7013
396.36	436.0954
396.422	153.4758
396.484	206.7229
396.547	858.5621
396.609	389.2847
396.671	168.3967
396.733	445.7502
396.795	635.041
396.857	528.8392
396.919	687.703
396.981	-185.3168
397.043	29.7199
397.105	371.7307
397.167	172.7852
397.229	581.2087
397.291	185.6581
397.353	428.1961
397.415	504.2635
397.477	176.296
397.539	739.4874
397.601	720.4705
397.663	530.5946
397.725	214.0371
397.787	650.8396
397.849	831.646
397.91	589.4005
397.972	553.1222
398.034	965.3491
398.096	664.5902
398.158	680.0963
398.22	987.2916
398.282	475.592
398.344	677.7558
398.406	1072.7212
398.468	881.3824
398.529	1131.2345
398.591	1109.8772
398.653	1138.8413
398.715	1308.8227
398.777	1491.9696
398.839	1331.3504
398.901	1675.9942
398.962	1800.3352
399.024	1435.7968
399.086	1548.435
399.148	1884.3019
399.21	2199.9817
399.271	1591.4424
399.333	1925.2613
399.395	2408.8745
399.457	2184.1831
399.519	2297.9916
399.58	2578.5633
399.642	2308.524
399.704	3186.81
399.766	2501.0331
399.827	2733.6238
399.889	2931.1065
399.951	3256.1484
400.013	3285.6977
400.074	3176.5702
400.136	3479.377
400.198	4058.6596
400.259	4646.4266
400.321	5488.1418
400.383	6697.321
400.445	7174.4978
400.506	7116.8621
400.568	6000.7191
400.63	5404.7602
400.691	3945.7287
400.753	3372.8826
400.815	2078.5664
400.876	1584.7133
400.938	1349.4895
400.999	840.7156
401.061	636.7964
401.123	530.5946
401.184	92.9144
401.246	459.5008
401.307	593.2039
401.369	298.8815
401.431	136.7994
401.492	606.662
401.554	363.5388
401.615	581.2087
401.677	29.4274
401.739	294.7856
401.8	290.1045
401.862	-32.8894
401.923	676.2929
401.985	22.1132
402.046	478.5177
402.108	495.7791
402.169	592.6188
402.231	709.9381
402.292	318.4835
402.354	589.108
402.415	222.5216
402.477	274.3059
402.538	565.41
402.6	-42.5441
402.661	252.3634
402.723	270.5025
402.784	317.0207
402.846	387.5293
402.907	429.9515
402.968	142.0656
403.03	608.4174
403.091	366.1719
403.153	215.7925
403.214	559.8513
403.276	654.9355
403.337	400.9874
403.398	180.977
403.46	258.5073
403.521	387.5293
403.582	307.0734
403.644	503.971
403.705	228.958
403.767	39.3746
403.828	312.3396
403.889	868.802
403.951	515.6737
404.012	795.6602
404.073	641.4774
404.135	602.566
404.196	414.4455
404.257	739.4874
404.319	912.9796
404.38	798.0008
404.441	1149.3737
404.502	840.423
404.564	1294.4869
404.625	1482.0223
404.686	940.1883
404.747	783.9576
404.809	783.3724
404.87	916.4904
404.931	1388.986
404.992	787.4684
405.054	897.181
405.115	1514.7898
405.176	1142.6447
405.237	1437.5522
405.299	1173.3642
405.36	945.162
405.421	1705.5435
405.482	1653.4666
405.543	1500.7466
405.605	1366.1658
405.666	2153.7561
405.727	1711.98
405.788	1812.623
405.849	2446.6156
405.91	1945.4484
405.971	1889.2756
406.033	2417.0664
406.094	1999.8659
406.155	2275.1714
406.216	2706.7077
406.277	2764.9285
406.338	3133.5629
406.399	3991.3692
406.46	4875.5066
406.521	4949.8186
406.583	5049.5839
406.644	5388.9616
406.705	4699.6738
406.766	3639.7037
406.827	2522.9756
406.888	1663.4139
406.949	1612.7998
407.01	836.9122
407.071	817.0176
407.132	199.1162
407.193	550.4891
407.254	331.3565
407.315	833.9865
407.376	814.3845
407.437	447.7981
407.498	240.9533
407.559	361.7834
407.62	330.4788
407.681	646.1585
407.742	311.7545
407.803	519.1845
407.864	432.5846
407.925	384.3111
407.986	576.235
408.047	61.3172
408.108	194.7277
408.168	554.8776
408.229	130.0704
408.29	430.8292
408.351	284.8383
408.412	169.5669
408.473	360.6132
408.534	525.3284
408.595	628.0194
408.656	199.1162
408.716	707.5976
408.777	1260.5491
408.838	469.7406
408.899	577.4053
408.96	518.3068
409.021	994.6058
409.082	497.2419
409.142	631.2376
409.203	460.0859
409.264	453.6495
409.325	1070.0881
409.386	627.1417
409.446	560.729
409.507	1030.8841
409.568	677.4632
409.629	575.6499
409.69	894.5479
409.75	448.6758
409.811	870.8499
409.872	736.2691
409.933	1264.3525
409.993	914.1499
410.054	1489.6291
410.115	967.397
410.176	957.7423
410.236	849.4926
410.297	1101.1002
410.358	538.4939
410.418	272.8431
410.479	412.1049
410.54	450.4312
410.6	486.7095
410.661	400.4023
410.722	130.363
410.782	385.1888
410.843	249.4377
410.904	-54.2468
410.964	400.6948
411.025	-206.9667
411.086	209.0635
411.146	151.4278
411.207	643.5254
411.267	718.13
411.328	-204.0411
411.389	307.0734
411.449	241.5384
411.51	714.3266
411.57	453.6495
411.631	335.1598
411.692	382.5557
411.752	212.2817
411.813	630.0673
411.873	360.9057
411.934	243.8789
411.994	154.646
412.055	298.589
412.115	199.9939
412.176	560.729
412.236	-1.2922
412.297	457.4528
412.358	-102.8129
412.418	674.8301
412.479	554.8776
412.539	553.9999
412.599	160.4974
412.66	30.3051
412.72	482.9062
412.781	251.4857
412.841	284.2532
412.902	42.5929
412.962	537.3236
413.023	393.3807
413.083	495.4865
413.144	774.3029
413.204	634.4558
413.264	690.6287
413.325	508.3595
413.385	585.012
413.446	843.3487
413.506	856.2216
413.566	506.6041
413.627	1037.028
413.687	288.0566
413.747	833.6939
413.808	665.7605
413.868	974.7112
413.929	994.3132
413.989	1001.6274
414.049	668.101
414.11	654.643
414.17	400.9874
414.23	1020.9368
414.29	830.1831
414.351	865.2912
414.411	1289.2207
414.471	1057.5077
414.532	1540.2432
414.592	1880.4985
414.652	1257.916
414.712	1992.8443
414.773	1522.104
414.833	1456.2764
414.893	1722.8049
414.954	1456.569
415.014	1085.5941
415.074	1097.8819
415.134	766.9887
415.194	617.7795
415.255	290.1045
415.315	766.111
415.375	806.4852
415.435	514.2108
415.495	401.8651
415.556	425.563
415.616	214.3297
415.676	134.4589
415.736	267.8694
415.796	159.6197
415.856	381.9706
415.917	603.1512
415.977	119.8306
416.037	830.7683
416.097	390.7476
416.157	168.6892
416.217	-320.7753
416.277	522.6953
416.337	541.7121
416.398	392.7955
416.458	-153.427
416.518	284.2532
416.578	326.968
416.638	601.9809
416.698	435.2177
416.758	647.3288
416.818	50.1996
416.878	621.5829
416.938	189.4615
416.998	405.0833
417.058	647.0362
417.118	-102.5203
417.178	117.1974
417.238	199.1162
417.298	100.8137
417.358	385.1888
417.418	123.6339
417.478	157.8643
417.538	-24.9901
417.598	183.025
417.658	479.6879
417.718	-3.6327
417.778	27.9645
417.838	120.1231
417.898	273.7208
417.958	849.2
418.018	424.9779
418.078	303.5626
418.138	39.9598
418.198	528.8392
418.258	393.6732
418.318	555.1702
418.377	436.9731
418.437	608.7099
418.497	-101.6426
418.557	421.7597
418.617	223.9844
418.677	624.5086
418.737	422.0522
418.797	640.0146
418.856	594.6667
418.916	1074.184
418.976	580.6235
419.036	613.0985
419.096	708.7679
419.156	1026.203
419.215	698.2354
419.275	1002.2125
419.335	920.5863
419.395	776.6434
419.455	732.1732
419.514	1115.7285
419.574	725.7367
419.634	1309.993
419.694	516.8439
419.753	774.5954
419.813	699.1131
419.873	825.2095
419.933	1094.6637
419.992	951.0133
420.052	232.7614
420.112	821.6987
420.172	886.0634
420.231	1159.6135
420.291	979.9774
420.351	1086.4718
420.41	1370.2618
420.47	1311.1632
420.53	1750.0137
420.589	2333.3922
420.649	2359.7232
420.709	2454.2224
420.768	2068.3265
420.828	2149.6602
420.888	1795.9467
420.947	1429.9454
421.007	976.4666
421.067	737.732
421.126	245.9269
421.186	432.5846
421.246	554.8776
421.305	471.496
421.365	365.0017
421.424	583.2566
421.484	609.2951
421.543	381.0929
421.603	229.8357
421.663	390.1624
421.722	277.5241
421.782	587.6451
421.841	368.2199
421.901	286.8863
421.96	188.5838
422.02	512.4554
422.079	406.8387
422.139	447.213
422.198	515.0885
422.258	-2.1699
422.317	58.0989
422.377	270.21
422.436	176.5885
422.496	102.8617
422.555	711.401
422.615	482.0285
422.674	-68.5826
422.734	473.2514
422.793	482.6136
422.853	709.6456
422.912	362.3686
422.972	88.8185
423.031	365.8794
423.09	470.9109
423.15	281.3275
423.209	388.6996
423.269	318.4835
423.328	556.9256
423.387	340.1335
423.447	457.1603
423.506	94.0847
423.566	92.0367
423.625	3.6815
423.684	348.6179
423.744	325.7977
423.803	335.1598
423.862	341.8889
423.922	572.4316
423.981	426.7333
424.04	597.5924
424.1	559.5587
424.159	206.7229
424.218	556.9256
424.278	376.9969
424.337	355.0544
424.396	93.4995
424.455	332.5267
424.515	369.3902
424.574	361.4909
424.633	28.2571
424.692	369.3902
424.752	317.3133
424.811	264.6512
424.87	62.1949
424.929	96.1326
424.989	397.4766
425.048	438.7285
425.107	338.0855
425.166	498.9973
425.226	553.4148
425.285	369.0976
425.344	744.461
425.403	203.2121
425.462	753.238
425.521	847.7372
425.581	244.1715
425.64	346.8625
425.699	364.7091
425.758	604.0289
425.817	240.3681
425.876	626.264
425.935	967.397
425.995	767.2812
426.054	830.7683
426.113	790.1015
426.172	663.7125
426.231	540.8344
426.29	1362.3624
426.349	875.8236
426.408	940.7735
426.467	1022.6922
426.526	845.1041
426.586	1058.6779
426.645	719.0077
426.704	835.4493
426.763	1106.3664
426.822	888.1114
426.881	1476.4636
426.94	1060.7259
426.999	1005.1382
427.058	1191.5033
427.117	1192.0885
427.176	861.4878
427.235	1501.0392
427.294	1479.0967
427.353	2191.7898
427.412	2374.059
427.471	2697.0529
427.53	2139.7129
427.589	2348.3131
427.648	2400.0975
427.707	1531.1736
427.766	1026.7881
427.824	1255.5755
427.883	961.2531
427.942	596.4221
428.001	620.1201
428.06	448.6758
428.119	843.3487
428.178	305.318
428.237	271.0877
428.296	457.7454
428.355	-75.3116
428.414	60.732
428.472	462.719
428.531	147.0393
428.59	560.4364
428.649	438.7285
428.708	76.8232
428.767	387.2368
428.825	591.7411
428.884	56.9287
428.943	383.1408
429.002	856.2216
429.061	590.8634
429.12	185.073
429.178	214.9148
429.237	439.3137
429.296	4.8517
429.355	509.8223
429.413	149.3798
429.472	262.3107
429.531	359.7355
429.59	157.5717
429.649	185.3656
429.707	528.8392
429.766	596.7147
429.825	326.6754
429.883	206.1378
429.942	451.8941
430.001	152.8906
430.06	-82.9184
430.118	447.5056
430.177	548.4412
430.236	490.5129
430.294	38.2044
430.353	32.6456
430.412	455.6974
430.47	35.2787
430.529	563.6546
430.588	295.6633
430.646	123.0488
430.705	293.0302
430.764	263.4809
430.822	-243.5376
430.881	144.6987
430.939	424.1002
430.998	230.1283
431.057	309.9991
431.115	321.7018
431.174	594.3742
431.232	366.1719
431.291	508.0669
431.35	-362.6124
431.408	432.2921
431.467	510.4074
431.525	210.2337
431.584	376.7043
431.642	682.7294
431.701	246.8046
431.759	109.5907
431.818	387.8219
431.877	149.0872
431.935	465.3521
431.994	166.6413
432.052	593.4965
432.111	628.8971
432.169	262.0181
432.228	642.3552
432.286	665.1754
432.344	445.7502
432.403	406.2536
432.461	-154.0121
432.52	426.1482
432.578	377.8746
432.637	304.1477
432.695	259.9701
432.754	451.8941
432.812	623.3383
432.87	228.3729
432.929	479.6879
432.987	368.5125
433.046	833.6939
433.104	566.5803
433.162	585.8897
433.221	646.7437
433.279	721.6408
433.338	188.2912
433.396	559.8513
433.454	921.1715
433.513	515.9662
433.571	436.0954
433.629	434.34
433.688	462.719
433.746	896.0107
433.804	776.936
433.863	394.8435
433.921	656.1058
433.979	423.8076
434.037	601.9809
434.096	577.4053
434.154	613.391
434.212	551.0743
434.271	506.6041
434.329	747.0941
434.387	716.082
434.445	1049.6084
434.504	1046.6827
434.562	832.8162
434.62	1029.7138
434.678	737.1468
434.737	1001.3348
434.795	1022.3996
434.853	1487.2885
434.911	1261.1343
434.969	1515.0824
435.028	1216.6641
435.086	1209.3499
435.144	1509.8162
435.202	1415.6096
435.26	788.0535
435.318	526.7912
435.377	1095.8339
435.435	594.0816
435.493	635.041
435.551	540.2493
435.609	500.1676
435.667	360.028
435.725	685.3625
435.784	582.9641
435.842	535.2756
435.9	287.4714
435.958	654.9355
436.016	671.9044
436.074	610.1728
436.132	891.3296
436.19	599.3478
436.248	1040.5388
436.306	399.5246
436.364	901.5695
436.422	484.0764
436.48	-81.7481
436.538	460.6711
436.596	657.8612
436.654	132.1184
436.713	408.8867
436.771	262.3107
436.829	65.9982
436.887	456.8677
436.945	149.9649
437.003	458.9157
437.06	-210.7701
437.118	-75.019
437.176	231.2986
437.234	472.3737
437.292	443.4096
437.35	176.0034
437.408	-24.9901
437.466	209.0635
437.524	174.248
437.582	204.675
437.64	520.0622
437.698	-39.6184
437.756	276.6464
437.814	118.0752
437.872	29.4274
437.929	334.5747
437.987	356.2247
438.045	216.0851
438.103	490.5129
438.161	338.3781
438.219	251.7783
438.277	404.7908
438.335	384.0185
438.392	266.6992
438.45	165.7636
438.508	32.0605
438.566	-38.4482
438.624	33.2307
438.681	179.8068
438.739	63.6577
438.797	251.7783
438.855	637.6741
438.913	240.9533
438.97	281.3275
439.028	424.3928
439.086	352.4213
439.144	542.0047
439.202	120.7083
439.259	650.8396
439.317	251.1931
439.375	527.6689
439.432	80.0414
439.49	370.5604
439.548	106.3725
439.606	61.0246
439.663	280.7424
439.721	606.662
439.779	372.6084
439.836	485.5393
439.894	353.299
439.952	263.7735
440.009	424.1002
440.067	34.401
440.125	471.496
440.182	-357.3462
440.24	348.6179
440.298	410.6421
440.355	251.4857
440.413	-1.8773
440.471	-68.8751
440.528	286.3012
440.586	204.9675
440.643	317.0207
440.701	411.8124
440.759	592.3262
440.816	420.882
440.874	557.5107
440.931	366.1719
440.989	422.0522
441.047	421.7597
441.104	671.3193
441.162	800.6339
441.219	268.7471
441.277	424.9779
441.334	134.7515
441.392	733.9286
441.449	289.5194
441.507	873.7756
441.564	691.2138
441.622	491.3906
441.679	510.4074
441.737	324.0423
441.794	335.745
441.852	394.8435
441.909	495.4865
441.967	561.0215
442.024	794.1974
442.082	1034.98
442.139	1110.1697
442.197	1042.0016
442.254	829.3054
442.311	538.4939
442.369	264.3586
442.426	321.9943
442.484	680.974
442.541	589.4005
442.598	269.9174
442.656	279.8647
442.713	70.0942
442.771	60.4395
442.828	-53.0765
442.885	241.831
442.943	285.1309
443	-124.1703
443.057	441.9468
443.115	323.4572
443.172	211.404
443.229	286.8863
443.287	556.9256
443.344	374.0712
443.401	211.6966
443.459	174.248
443.516	-84.3812
443.573	443.117
443.631	93.207
443.688	634.4558
443.745	369.0976
443.802	-208.4296
443.86	-79.4076
443.917	173.0777
443.974	312.9247
444.031	349.4956
444.089	499.2899
444.146	167.8115
444.203	136.5069
444.26	-34.6448
444.318	500.4602
444.375	277.2316
444.432	178.3439
444.489	-38.4482
444.546	-101.0575
444.604	0.1707
444.661	121.586
444.718	509.2372
444.775	56.6361
444.832	211.1114
444.889	10.4105
444.947	78.286
445.004	-50.4434
445.061	60.732
445.118	-219.8397
445.175	379.3374
445.232	300.3444
445.289	-218.6694
445.346	-221.8877
445.404	451.3089
445.461	556.633
445.518	315.2653
445.575	393.6732
445.632	54.8807
445.689	268.162
445.746	340.1335
445.803	-125.9257
445.86	115.7346
445.917	201.1642
445.974	-149.0385
446.031	356.2247
446.088	-75.8967
446.145	342.1814
446.202	686.5328
446.259	361.1983
446.316	125.9745
446.373	235.1019
446.43	431.7069
446.487	47.2739
446.544	554.8776
446.601	275.4762
446.658	211.9891
446.715	169.8595
446.772	-34.3522
446.829	422.3448
446.886	563.9472
446.943	282.4978
447	92.3293
447.057	429.659
447.114	387.8219
447.171	460.3785
447.228	266.6992
447.285	237.735
447.341	545.2229
447.398	205.8452
447.455	312.9247
447.512	417.9563
447.569	185.9507
447.626	117.49
447.683	742.9982
447.74	803.267
447.796	661.6646
447.853	527.3763
447.91	349.7882
447.967	162.2528
448.024	490.8055
448.081	435.2177
448.137	8.6551
448.194	699.6983
448.251	385.1888
448.308	698.528
448.365	268.7471
448.421	772.5474
448.478	295.9559
448.535	278.987
448.592	231.8837
448.648	570.0911
448.705	315.2653
448.762	122.7562
448.819	589.4005
448.875	495.194
448.932	1025.6179
448.989	440.1914
449.046	430.8292
449.102	158.4494
449.159	764.3556
449.216	611.3431
449.272	704.9645
449.329	1027.6658
449.386	1095.2488
449.442	939.8958
449.499	802.0967
449.556	863.2432
449.612	391.3327
449.669	643.818
449.726	731.0029
449.782	459.7934
449.839	537.3236
449.896	507.7743
449.952	139.4325
450.009	429.9515
450.065	158.742
450.122	417.6637
450.179	190.9243
450.235	128.315
450.292	132.9961
450.348	255.8742
450.405	265.2363
450.461	380.8003
450.518	2.5112
450.575	-157.2304
450.631	166.9338
450.688	184.7804
450.744	229.8357
450.801	261.433
450.857	115.7346
450.914	89.9887
450.97	404.4982
451.027	243.5864
451.083	382.8483
451.14	346.8625
451.196	278.4018
451.253	508.3595
451.309	326.3828
451.366	-235.3457
451.422	203.5047
451.479	152.8906
451.535	101.6914
451.591	464.767
451.648	377.582
451.704	-67.9974
451.761	-65.9495
451.817	522.6953
451.874	641.77
451.93	325.7977
451.986	146.7467
452.043	413.5678
452.099	371.1456
452.156	198.5311
452.212	424.6853
452.268	196.4831
452.325	-330.7226
452.381	270.7951
452.437	21.5281
452.494	310.5842
452.55	223.6918
452.606	242.4161
452.663	441.9468
452.719	77.1158
452.775	315.5579
452.832	530.0094
452.888	289.812
452.944	-157.8155
453.001	-4.5104
453.057	32.353
453.113	422.6374
453.169	322.872
453.226	-318.4348
453.282	-81.7481
453.338	-175.0769
453.394	236.8573
453.451	-83.5035
453.507	389.5773
453.563	138.5548
453.619	323.1646
453.676	195.6054
453.732	121.8785
453.788	238.6127
453.844	422.3448
453.9	-39.911
453.957	53.1253
454.013	37.0341
454.069	142.6508
454.125	352.7139
454.181	28.2571
454.237	350.3733
454.294	278.1093
454.35	544.9304
454.406	362.6611
454.462	30.8902
454.518	104.9096
454.574	96.1326
454.63	112.5164
454.687	434.34
454.743	289.812
454.799	424.3928
454.855	509.8223
454.911	211.1114
454.967	144.9913
455.023	360.3206
455.079	-206.6742
455.135	212.2817
455.191	233.054
455.247	251.4857
455.303	182.1473
455.359	269.3323
455.415	221.3513
455.471	79.7489
455.527	464.4744
455.583	118.3677
455.639	475.2994
455.695	87.6482
455.751	480.5656
455.807	144.4062
455.863	300.0518
455.919	159.9122
455.975	259.9701
456.031	375.8266
456.087	329.0159
456.143	79.4563
456.199	237.4425
456.255	55.4658
456.311	223.1067
456.367	464.767
456.423	204.0898
456.479	553.1222
456.535	331.649
456.591	26.5017
456.647	126.267
456.702	201.4567
456.758	441.0691
456.814	500.4602
456.87	-109.2494
456.926	76.2381
456.982	364.124
457.038	282.4978
457.094	382.2631
457.149	500.4602
457.205	717.8374
457.261	457.4528
457.317	392.2104
457.373	120.4157
457.429	121.0008
457.484	520.6473
457.54	704.9645
457.596	570.9688
457.652	631.5302
457.707	215.4999
457.763	666.9308
457.819	417.6637
457.875	813.7994
457.931	880.5047
457.986	465.0596
458.042	770.4995
458.098	722.2259
458.154	1009.2341
458.209	635.6261
458.265	695.6023
458.321	537.9087
458.376	173.3703
458.432	446.0427
458.488	2.2186
458.544	499.2899
458.599	443.7022
458.655	-487.2459
458.711	254.9965
458.766	308.5362
458.822	90.8664
458.878	325.2126
458.933	-8.8989
458.989	281.0349
459.044	104.6171
459.1	171.3223
459.156	291.5674
459.211	165.1784
459.267	243.0012
459.323	338.0855
459.378	-132.0696
459.434	658.1538
459.489	180.0993
459.545	302.3923
459.601	121.2934
459.656	108.713
459.712	514.796
459.767	72.7273
459.823	228.3729
459.878	231.006
459.934	157.8643
459.989	451.3089
460.045	-245.0005
460.1	365.8794
460.156	10.9956
460.211	164.5933
460.267	461.2562
460.322	-174.1992
460.378	173.9554
460.433	-144.0648
460.489	306.4883
460.544	42.5929
460.6	519.1845
460.655	-28.2083
460.711	113.6866
460.766	317.6058
460.822	298.2964
460.877	291.5674
460.933	230.7134
460.988	511.5777
461.043	-217.2066
461.099	25.9166
461.154	56.051
461.21	-175.9546
461.265	29.7199
461.32	462.1339
461.376	40.2523
461.431	284.5458
461.487	247.6823
461.542	262.6032
461.597	-188.8276
461.653	319.9464
461.708	198.2385
461.763	164.3007
461.819	193.5574
461.874	164.5933
461.929	-92.5731
461.985	141.4805
462.04	98.4732
462.095	386.3591
462.151	225.1547
462.206	-180.3432
462.261	-60.3907
462.316	-75.3116
462.372	215.7925
462.427	92.9144
462.482	386.6516
462.537	281.6201
462.593	523.573
462.648	188.2912
462.703	79.4563
462.758	179.2216
462.814	260.5553
462.869	235.6871
462.924	121.8785
462.979	-48.688
463.034	40.5449
463.09	192.9723
463.145	-409.4231
463.2	121.8785
463.255	104.9096
463.31	176.5885
463.366	201.4567
463.421	403.6205
463.476	415.3232
463.531	56.051
463.586	121.2934
463.641	272.8431
463.696	166.0561
463.752	222.8141
463.807	127.1447
463.862	537.9087
463.917	345.6922
463.972	175.4183
464.027	711.401
464.082	559.5587
464.137	197.3608
464.192	8.07
464.247	290.6897
464.302	330.4788
464.357	259.6776
464.413	325.5051
464.468	359.7355
464.523	439.3137
464.578	360.028
464.633	682.1443
464.688	439.6062
464.743	-122.4149
464.798	353.8841
464.853	394.8435
464.908	353.0064
464.963	349.7882
465.018	278.1093
465.073	155.5237
465.128	518.0142
465.183	152.5981
465.238	127.4373
465.293	-112.4676
465.347	438.7285
465.402	340.1335
465.457	524.1581
465.512	562.7769
465.567	322.5795
465.622	331.0639
465.677	322.5795
465.732	626.264
465.787	680.6814
465.842	463.5967
465.897	126.8522
465.952	1067.7475
466.006	306.7808
466.061	-42.8367
466.116	92.3293
466.171	316.143
466.226	226.3249
466.281	101.1063
466.336	491.3906
466.39	175.4183
466.445	192.6797
466.5	415.9083
466.555	426.7333
466.61	491.9757
466.664	186.8284
466.719	641.4774
466.774	478.2251
466.829	802.3893
466.884	351.5436
466.938	224.8621
466.993	213.452
467.048	331.3565
467.103	507.7743
467.157	54.8807
467.212	664.8828
467.267	-119.7818
467.322	486.417
467.376	753.238
467.431	590.5708
467.486	441.9468
467.54	147.917
467.595	-101.0575
467.65	216.9628
467.705	-245.0005
467.759	204.675
467.814	110.4684
467.869	178.9291
467.923	516.2588
467.978	242.1235
468.032	-67.7049
468.087	8.07
468.142	379.3374
468.196	-174.4918
468.251	751.7752
468.306	92.3293
468.36	447.7981
468.415	132.4109
468.469	192.9723
468.524	266.6992
468.579	-173.029
468.633	295.0782
468.688	32.9382
468.742	153.7683
468.797	183.3176
468.852	311.7545
468.906	120.4157
468.961	98.7657
469.015	115.442
469.07	238.0276
469.124	349.7882
469.179	55.7584
469.233	80.0414
469.288	324.6274
469.342	49.0293
469.397	332.8193
469.451	198.5311
469.506	233.9317
469.56	393.0881
469.615	439.8988
469.669	-126.2183
469.724	262.0181
469.778	22.4058
469.833	61.3172
469.887	475.0068
469.941	55.4658
469.996	317.8984
470.05	59.5618
470.105	496.9494
470.159	36.1564
470.214	339.2558
470.268	14.2139
470.322	271.0877
470.377	100.2286
470.431	477.6399
470.486	464.767
470.54	174.8331
470.594	268.162
470.649	-82.6258
470.703	209.6486
470.757	299.1741
470.812	-104.8609
470.866	368.5125
470.92	137.6771
470.975	260.8478
471.029	-193.8012
471.083	62.78
471.138	264.3586
471.192	49.6145
471.246	429.0738
471.3	429.3664
471.355	442.8245
471.409	498.1196
471.463	359.4429
471.518	39.0821
471.572	-66.8272
471.626	416.786
471.68	368.2199
471.735	-278.6457
471.789	-172.4438
471.843	399.5246
471.897	88.2333
471.951	451.8941
472.006	65.1205
472.06	347.4477
472.114	369.9753
472.168	155.2312
472.222	241.2458
472.277	189.1689
472.331	215.4999
472.385	498.7048
472.439	213.7445
472.493	193.2649
472.547	292.7376
472.602	459.5008
472.656	477.9325
472.71	128.315
472.764	582.6715
472.818	800.0487
472.872	451.6015
472.926	362.9537
472.98	478.2251
473.034	325.7977
473.089	327.2605
473.143	495.194
473.197	153.1832
473.251	479.3954
473.305	37.0341
473.359	320.2389
473.413	233.3465
473.467	423.2225
473.521	150.5501
473.575	401.5725
473.629	24.7463
473.683	231.2986
473.737	-263.7247
473.791	685.9476
473.845	-154.5973
473.899	299.1741
473.953	212.8668
474.007	82.9671
474.061	184.1953
474.115	-28.2083
474.169	145.2839
474.223	310.8768
474.277	264.0661
474.331	285.716
474.385	69.8016
474.439	263.4809
474.493	244.1715
474.547	246.8046
474.601	-31.7191
474.654	431.9995
474.708	208.4783
474.762	356.8098
474.816	118.9529
474.87	-386.0177
474.924	-60.6833
474.978	29.4274
475.032	331.0639
475.086	-80.5778
475.139	239.1979
475.193	-138.5061
475.247	286.0086
475.301	-17.9685
475.355	-252.8998
475.409	268.4546
475.462	10.9956
475.516	234.2242
475.57	-37.863
475.624	134.7515
475.678	315.5579
475.731	371.4381
475.785	113.3941
475.839	136.5069
475.893	52.5402
475.947	349.4956
476	-230.3721
476.054	-36.6928
476.108	198.2385
476.162	95.5475
476.215	-228.9093
476.269	244.1715
476.323	-170.981
476.376	248.56
476.43	-102.5203
476.484	329.3085
476.538	-94.9136
476.591	225.4472
476.645	40.8375
476.699	329.3085
476.752	87.0631
476.806	339.2558
476.86	-120.3669
476.913	52.5402
476.967	276.0613
477.021	419.1266
477.074	159.9122
477.128	126.267
477.182	46.9814
477.235	87.6482
477.289	228.0803
477.342	121.8785
477.396	188.2912
477.45	507.7743
477.503	219.8885
477.557	52.8327
477.61	190.6318
477.664	158.742
477.717	199.7013
477.771	396.0138
477.825	189.7541
477.878	259.9701
477.932	-44.0069
477.985	300.9295
478.039	44.3483
478.092	525.0358
478.146	120.1231
478.199	237.1499
478.253	204.675
478.306	98.4732
478.36	-116.271
478.413	232.1763
478.467	89.111
478.52	-87.0143
478.574	-316.3868
478.627	211.404
478.681	-25.2827
478.734	242.1235
478.788	-26.7455
478.841	9.8254
478.894	114.2718
478.948	45.226
479.001	233.054
479.055	93.207
479.108	199.1162
479.162	210.8189
479.215	469.1555
479.268	-182.6837
479.322	478.8102
479.375	317.0207
479.428	90.5739
479.482	354.7618
479.535	205.5527
479.589	411.5198
479.642	202.0419
479.695	427.9036
479.749	-51.6137
479.802	-102.8129
479.855	468.5704
479.909	254.9965
479.962	441.3616
480.015	151.7204
480.068	452.1866
480.122	174.5406
480.175	305.9031
480.228	42.8854
480.282	11.2882
480.335	223.1067
480.388	230.4209
480.441	-17.0908
480.495	229.5432
480.548	419.7117
480.601	-88.1846
480.654	3.6815
480.708	230.4209
480.761	397.184
480.814	305.0254
480.867	-72.9711
480.92	235.6871
480.974	197.3608
481.027	139.14
481.08	130.0704
481.133	379.3374
481.186	-11.2394
481.24	265.2363
481.293	-242.6599
481.346	308.8288
481.399	264.9438
481.452	295.0782
481.505	440.4839
481.558	328.7234
481.612	133.2886
481.665	366.4645
481.718	-15.3354
481.771	97.0103
481.824	151.1352
481.877	300.0518
481.93	393.0881
481.983	666.6382
482.036	748.8495
482.089	22.4058
482.142	729.2475
482.196	391.3327
482.249	345.1071
482.302	580.0384
482.355	609.2951
482.408	413.2752
482.461	244.1715
482.514	365.8794
482.567	293.0302
482.62	470.6183
482.673	222.5216
482.726	276.3539
482.779	42.5929
482.832	71.8496
482.885	302.0998
482.938	46.9814
482.991	207.3081
483.044	271.0877
483.097	145.869
483.15	-88.1846
483.203	154.646
483.255	199.4088
483.308	49.907
483.361	-5.6807
483.414	116.9049
483.467	-218.6694
483.52	1.0484
483.573	306.4883
483.626	354.1767
483.679	18.3098
483.732	255.5816
483.784	279.8647
483.837	98.4732
483.89	404.2056
483.943	290.6897
483.996	128.6076
484.049	260.5553
484.102	223.9844
484.154	504.2635
484.207	288.6417
484.26	108.4204
484.313	283.3755
484.366	218.4256
484.419	-52.784
484.471	359.4429
484.524	-293.5666
484.577	420.2968
484.63	35.2787
484.682	68.3388
484.735	28.8422
484.788	347.1551
484.841	197.0682
484.894	-284.2044
484.946	152.3055
484.999	278.6944
485.052	-22.6496
485.104	259.6776
485.157	22.6983
485.21	473.2514
485.263	289.2268
485.315	103.1542
485.368	356.5172
485.421	525.9135
485.473	248.56
485.526	188.5838
485.579	-11.8246
485.631	54.003
485.684	216.0851
485.737	392.503
485.789	-307.0246
485.842	109.8833
485.895	152.3055
485.947	287.4714
486	320.8241
486.052	82.6745
486.105	67.4611
486.158	231.5911
486.21	229.5432
486.263	307.0734
486.315	312.3396
486.368	282.4978
486.421	271.3802
486.473	308.2437
486.526	121.0008
486.578	70.0942
486.631	253.8262
486.683	251.7783
486.736	-163.0817
486.788	216.3777
486.841	-185.3168
486.894	59.2692
486.946	24.1612
486.999	294.7856
487.051	-194.3864
487.104	383.4334
487.156	87.6482
487.209	174.5406
487.261	358.2726
487.313	-146.4054
487.366	294.493
487.418	180.0993
487.471	103.7394
487.523	392.503
487.576	255.8742
487.628	-75.8967
487.681	272.2579
487.733	244.1715
487.785	259.385
487.838	114.5643
487.89	306.4883
487.943	247.6823
487.995	300.9295
488.047	392.2104
488.1	-303.8064
488.152	317.6058
488.205	-179.1729
488.257	264.6512
488.309	-247.341
488.362	534.1054
488.414	341.3037
488.466	241.831
488.519	-82.9184
488.571	195.898
488.623	228.6655
488.676	341.5963
488.728	95.2549
488.78	173.9554
488.833	114.5643
488.885	68.0462
488.937	-481.3946
488.989	-35.8151
489.042	376.7043
489.094	223.6918
489.146	259.0924
489.198	271.9654
489.251	70.0942
489.303	288.3491
489.355	327.5531
489.407	352.7139
489.46	190.6318
489.512	431.9995
489.564	-274.8423
489.616	75.0678
489.668	317.6058
489.721	8.6551
489.773	302.3923
489.825	329.8936
489.877	12.4585
489.929	373.1935
489.982	455.99
490.034	700.8685
490.086	443.117
490.138	152.8906
490.19	207.0155
490.242	551.3668
490.294	329.6011
490.346	100.8137
490.399	370.853
490.451	291.5674
490.503	69.2165
490.555	203.7973
490.607	-259.6288
490.659	-27.6232
490.711	654.643
490.763	234.5168
490.815	174.8331
490.867	116.9049
490.919	415.9083
490.971	318.4835
491.023	583.8418
491.076	643.818
491.128	445.7502
491.18	187.121
491.232	-309.6578
491.284	258.2147
491.336	369.9753
491.388	595.2519
491.44	-138.5061
491.492	346.8625
491.544	125.0968
491.596	467.1075
491.648	300.9295
491.699	25.624
491.751	416.786
491.803	87.6482
491.855	144.4062
491.907	386.6516
491.959	143.5285
492.011	434.9252
492.063	313.8024
492.115	569.2134
492.167	151.7204
492.219	365.5868
492.271	164.8859
492.323	585.3046
492.374	585.5972
492.426	511.8703
492.478	738.3171
492.53	232.7614
492.582	210.2337
492.634	344.522
492.686	598.4701
492.737	570.0911
492.789	180.6845
492.841	581.2087
492.893	585.3046
492.945	481.4433
492.997	114.2718
493.048	297.7113
493.1	105.7873
493.152	22.6983
493.204	-11.2394
493.256	-112.4676
493.307	60.4395
493.359	316.4356
493.411	65.7057
493.463	332.5267
493.514	322.5795
493.566	-17.9685
493.618	254.9965
493.67	75.6529
493.721	133.8738
493.773	368.2199
493.825	432.5846
493.876	-130.3142
493.928	104.3245
493.98	428.1961
494.032	143.5285
494.083	615.7316
494.135	24.1612
494.187	362.076
494.238	77.4083
494.29	260.2627
494.342	155.8163
494.393	564.2398
494.445	142.6508
494.497	420.2968
494.548	-400.3535
494.6	289.812
494.651	192.3872
494.703	305.0254
494.755	34.401
494.806	272.8431
494.858	-208.4296
494.909	-325.4564
494.961	612.8059
495.013	153.7683
495.064	-157.8155
495.116	196.4831
495.167	45.8111
495.219	227.2026
495.27	187.7061
495.322	430.5367
495.373	192.0946
495.425	-31.134
495.476	290.6897
495.528	151.1352
495.579	0.1707
495.631	214.3297
495.682	-113.6379
495.734	194.7277
495.785	-371.0968
495.837	524.7432
495.888	-104.8609
495.94	356.8098
495.991	119.2454
496.043	139.4325
496.094	-314.6314
496.146	243.0012
496.197	-446.5791
496.249	136.2143
496.3	77.7009
496.351	288.6417
496.403	344.8145
496.454	239.783
496.506	82.0894
496.557	-105.7386
496.608	551.3668
496.66	300.9295
496.711	-67.9974
496.763	46.6888
496.814	174.248
496.865	243.2938
496.917	415.9083
496.968	719.3003
497.019	-524.1093
497.071	-78.2373
497.122	-28.5009
497.173	180.0993
497.225	237.4425
497.276	372.0233
497.327	94.0847
497.378	239.783
497.43	442.8245
497.481	359.7355
497.532	39.0821
497.584	98.4732
497.635	257.6296
497.686	180.3919
497.737	504.2635
497.789	273.4282
497.84	277.2316
497.891	182.4399
497.942	190.0466
497.994	344.2294
498.045	294.493
498.096	514.796
498.147	520.0622
498.198	559.2661
498.25	398.6469
498.301	342.7666
498.352	483.1987
498.403	599.6404
498.454	258.2147
498.505	437.8508
498.557	118.3677
498.608	342.474
498.659	340.7186
498.71	16.847
498.761	328.1382
498.812	294.2005
498.863	308.2437
498.915	-78.2373
498.966	-38.1556
499.017	319.6538
499.068	174.248
499.119	292.4451
499.17	217.5479
499.221	303.8552
499.272	18.6024
499.323	315.8504
499.374	-136.4581
499.425	332.5267
499.476	-145.5277
499.527	242.1235
499.579	239.1979
499.63	156.694
499.681	-25.2827
499.732	321.4092
499.783	116.6123
499.834	-132.9473
499.885	207.0155
499.936	-41.6664
499.987	-204.6262
500.038	417.0786
500.089	336.0375
500.14	427.611
500.19	42.0077
500.241	-82.3332
500.292	335.745
500.343	12.1659
500.394	300.9295
500.445	631.5302
500.496	-430.1953
500.547	415.9083
500.598	156.1089
500.649	-1.5847
500.7	465.6447
500.751	90.5739
500.802	354.7618
500.852	307.6585
500.903	-72.6785
500.954	700.576
501.005	-44.0069
501.056	797.4156
501.107	72.4347
501.158	504.5561
501.209	212.2817
501.259	45.5185
501.31	285.1309
501.361	433.1698
501.412	121.2934
501.463	303.8552
501.513	-541.6634
501.564	603.7363
501.615	242.4161
501.666	181.2696
501.717	-105.446
501.767	370.853
501.818	283.9606
501.869	268.7471
501.92	102.5691
501.97	550.7817
502.021	471.7886
502.072	-13.2874
502.123	97.888
502.173	190.3392
502.224	314.095
502.275	134.4589
502.326	-23.2347
502.376	190.3392
502.427	22.4058
502.478	109.8833
502.528	154.3535
502.579	473.544
502.63	270.5025
502.68	335.1598
502.731	471.2035
502.782	223.9844
502.832	-268.4058
502.883	30.8902
502.934	513.0406
502.984	311.1693
503.035	362.076
503.085	49.907
503.136	275.7687
503.187	539.079
503.237	189.1689
503.288	353.0064
503.338	367.3422
503.389	292.4451
503.44	486.417
503.49	378.4597
503.541	315.8504
503.591	464.4744
503.642	281.9127
503.692	459.5008
503.743	-141.1392
503.793	343.6443
503.844	192.0946
503.895	632.993
503.945	492.5609
503.996	234.5168
504.046	329.0159
504.097	672.197
504.147	294.493
504.198	269.0397
504.248	-38.1556
504.298	427.611
504.349	-356.761
504.399	-137.3358
504.45	29.1348
504.5	-46.9326
504.551	-56.0022
504.601	164.5933
504.652	268.162
504.702	333.4044
504.752	210.8189
504.803	494.3163
504.853	116.6123
504.904	462.719
504.954	-178.2952
505.004	248.8526
505.055	174.248
505.105	277.2316
505.156	338.6706
505.206	229.5432
505.256	-120.0744
505.307	851.8331
505.357	266.9917
505.407	398.9394
505.458	105.2022
505.508	65.9982
505.558	245.9269
505.609	480.2731
505.659	171.0298
505.709	555.1702
505.76	156.1089
505.81	225.1547
505.86	7.7774
505.91	799.7562
505.961	286.5937
506.011	221.6439
506.061	466.815
506.112	-13.8726
506.162	119.538
506.212	584.4269
506.262	-63.9015
506.312	129.1927
506.363	-37.2779
506.413	189.1689
506.463	178.6365
506.513	762.6002
506.564	204.3824
506.614	432.2921
506.664	-2.4624
506.714	395.1361
506.764	180.6845
506.814	429.3664
506.865	110.1758
506.915	174.8331
506.965	530.5946
507.015	365.2942
507.065	470.6183
507.115	70.6793
507.165	320.2389
507.216	411.2272
507.266	444.5799
507.316	220.181
507.366	215.2074
507.416	354.4693
507.466	315.2653
507.516	381.9706
507.566	414.1529
507.616	395.1361
507.666	213.1594
507.717	302.3923
507.767	577.9904
507.817	741.5354
507.867	426.7333
507.917	437.2657
507.967	474.7143
508.017	376.9969
508.067	294.493
508.117	307.366
508.167	575.6499
508.217	263.4809
508.267	601.6883
508.317	512.4554
508.367	457.1603
508.417	481.1508
508.467	303.27
508.517	300.9295
508.567	5.7294
508.617	437.2657
508.667	13.6287
508.716	496.6568
508.766	304.7329
508.816	182.7324
508.866	349.2031
508.916	405.6685
508.966	198.8236
509.016	451.6015
509.066	399.8171
509.116	199.1162
509.166	18.8949
509.216	483.4913
509.265	102.8617
509.315	563.6546
509.365	282.2052
509.415	228.3729
509.465	-192.3384
509.515	494.6088
509.565	402.4502
509.614	306.7808
509.664	220.4736
509.714	259.9701
509.764	-112.7602
509.814	228.3729
509.863	187.121
509.913	427.9036
509.963	-277.1828
510.013	223.9844
510.063	-254.6552
510.112	79.1637
510.162	437.8508
510.212	105.7873
510.262	-24.1124
510.311	189.1689
510.361	101.1063
510.411	264.6512
510.461	218.4256
510.51	125.0968
510.56	102.5691
510.61	495.194
510.659	-4.803
510.709	247.0972
510.759	60.732
510.809	211.1114
510.858	103.1542
510.908	161.9602
510.958	19.7727
511.007	-160.7412
511.057	-115.6859
511.107	135.9217
511.156	-460.0372
511.206	261.1404
511.255	8.07
511.305	3.0963
511.355	36.1564
511.404	182.7324
511.454	395.1361
511.504	262.6032
511.553	82.6745
511.603	-31.4266
511.652	259.9701
511.702	234.2242
511.751	-46.0549
511.801	193.85
511.851	412.3975
511.9	114.8569
511.95	249.4377
511.999	57.5138
512.049	329.6011
512.098	-14.4577
512.148	175.4183
512.197	170.7372
512.247	27.9645
512.296	107.8353
512.346	422.3448
512.395	315.8504
512.445	64.828
512.494	539.9567
512.544	-21.4793
512.593	333.697
512.643	293.3228
512.692	18.3098
512.742	-134.7027
512.791	247.6823
512.84	125.3893
512.89	140.0177
512.939	509.5297
512.989	259.385
513.038	489.9278
513.088	330.4788
513.137	298.589
513.186	549.0263
513.236	174.248
513.285	147.3318
513.335	411.2272
513.384	74.7752
513.433	102.5691
513.483	-108.0791
513.532	407.1313
513.581	197.9459
513.631	-36.4002
513.68	195.898
513.729	146.7467
513.779	348.9105
513.828	59.5618
513.877	37.0341
513.927	79.7489
513.976	280.1572
514.025	66.5834
514.074	-18.5536
514.124	-70.6305
514.173	-103.9832
514.222	-29.086
514.272	287.4714
514.321	-40.7887
514.37	290.1045
514.419	244.4641
514.469	419.1266
514.518	315.2653
514.567	-161.6189
514.616	309.7065
514.665	-29.6712
514.715	516.5514
514.764	246.512
514.813	507.1892
514.862	136.7994
514.911	242.4161
514.961	98.7657
515.01	281.0349
515.059	206.1378
515.108	38.4969
515.157	-74.7265
515.206	296.541
515.256	331.649
515.305	-26.7455
515.354	184.4879
515.403	101.984
515.452	291.2748
515.501	-392.7468
515.55	160.4974
515.599	363.5388
515.648	316.143
515.698	-122.7075
515.747	270.7951
515.796	429.0738
515.845	-167.7628
515.894	336.3301
515.943	419.7117
515.992	-57.7576
516.041	391.6253
516.09	-148.7459
516.139	-109.2494
516.188	351.251
516.237	-91.1102
516.286	581.5012
516.335	-112.1751
516.384	293.9079
516.433	76.5306
516.482	357.9801
516.531	129.1927
516.58	360.9057
516.629	360.9057
516.678	360.9057
