297.849	2761.6859
297.92	2761.6859
297.991	2761.6859
298.062	2781.1416
298.133	6729.6253
298.204	6315.9356
298.275	6772.6327
298.346	6829.9758
298.417	6798.2323
298.488	5793.7036
298.559	7013.269
298.63	7251.8573
298.701	6417.3101
298.772	6857.6234
298.843	6488.989
298.914	7077.78
298.985	7712.6503
299.056	6685.594
299.127	7432.0786
299.198	7145.363
299.268	7141.267
299.339	6855.5754
299.41	7833.4805
299.481	8118.1481
299.552	6911.8945
299.623	7121.8113
299.694	8037.2534
299.765	7883.6557
299.836	7241.6175
299.907	8093.5725
299.977	8119.1721
300.048	7759.7536
300.119	8080.2607
300.19	7392.1432
300.261	7758.7296
300.332	7210.898
300.402	7287.6968
300.473	7949.1907
300.544	7863.176
300.615	7020.4369
300.686	7933.8309
300.756	6909.8466
300.827	7596.9401
300.898	8162.1795
300.969	7104.4036
301.04	7589.7722
301.11	7289.7448
301.181	6738.8412
301.252	7353.2318
301.323	7076.756
301.393	7136.1471
301.464	7879.5598
301.535	7673.7389
301.606	7876.4878
301.676	8229.7624
301.747	7167.8906
301.818	9562.9901
301.888	7519.1173
301.959	7669.643
302.03	7704.4584
302.1	7863.176
302.171	8172.4193
302.242	7592.8441
302.312	7521.1652
302.383	6880.151
302.454	6704.0257
302.524	8281.9856
302.595	7201.6821
302.666	8546.1736
302.736	8641.4041
302.807	10894.1698
302.878	10538.8472
302.948	10485.6
303.019	12486.4655
303.089	11633.4865
303.16	9712.4918
303.231	8994.6787
303.301	8806.2656
303.372	8670.0757
303.442	8138.6278
303.513	7245.7134
303.583	7906.1834
303.654	7810.9528
303.724	8276.8657
303.795	9110.389
303.866	7569.2925
303.936	7524.2372
304.007	7911.3033
304.077	6865.8152
304.148	8025.9895
304.218	8993.6548
304.289	7240.5935
304.359	6872.9831
304.43	7470.99
304.5	8457.087
304.57	7189.3943
304.641	7644.0434
304.711	6935.4462
304.782	8187.7791
304.852	7353.2318
304.923	8077.1887
304.993	7272.337
305.064	8468.3508
305.134	7980.9342
305.204	8701.8192
305.275	6941.5901
305.345	7624.5877
305.416	7444.3664
305.486	7713.6743
305.556	7635.8515
305.627	8813.4335
305.697	7139.2191
305.768	8022.9176
305.838	7708.5544
305.908	7962.5025
305.979	7662.4751
306.049	9336.6895
306.119	8784.762
306.19	7689.0987
306.26	7251.8573
306.33	7754.6337
306.401	7243.6655
306.471	7674.7629
306.541	6913.9425
306.611	8090.5005
306.682	6741.9131
306.752	8656.7639
306.822	7986.0541
306.893	7374.7355
306.963	7460.7502
307.033	7960.4545
307.103	7603.084
307.174	7119.7634
307.244	6656.9224
307.314	10530.6553
307.384	8356.7365
307.455	7772.0414
307.525	7438.2225
307.595	8359.8084
307.665	8690.5554
307.735	7823.2406
307.806	7939.9748
307.876	7214.9939
307.946	6951.8299
308.016	8311.6812
308.086	7168.9146
308.156	7267.2171
308.227	8207.2348
308.297	7937.9269
308.367	7391.1192
308.437	8482.6866
308.507	8169.3473
308.577	7549.8368
308.647	8080.2607
308.717	8147.8437
308.788	7281.5529
308.858	7973.7663
308.928	8728.4428
308.998	7406.479
309.068	7804.8089
309.138	8526.7179
309.208	7420.8148
309.278	8353.6645
309.348	7401.3591
309.418	8237.9543
309.488	7453.5823
309.558	8027.0135
309.628	7797.641
309.698	7487.3737
309.768	7540.6209
309.838	8235.9063
309.908	7822.2166
309.978	7938.9509
310.048	7659.4031
310.118	8551.2935
310.188	8147.8437
310.258	7543.6929
310.328	7393.1672
310.398	9670.5084
310.468	7730.058
310.538	7845.7683
310.608	8151.9396
310.678	7707.5304
310.748	8447.8711
310.818	9537.3905
310.888	8321.921
310.958	7866.248
311.028	8422.2715
311.098	7818.1207
311.168	7382.9273
311.237	8760.1863
311.307	7832.4565
311.377	7196.5622
311.447	8088.4526
311.517	9554.7982
311.587	7580.5563
311.657	8095.6205
311.727	7919.4952
311.796	7871.3679
311.866	8278.9137
311.936	8106.8843
312.006	7819.1447
312.076	8007.5578
312.146	7721.8662
312.215	7833.4805
312.285	8251.2661
312.355	8536.9577
312.425	9017.2064
312.495	9119.6048
312.564	8315.7771
312.634	9056.1178
312.704	8566.6533
312.774	9023.3503
312.843	8165.2514
312.913	9224.0513
312.983	10106.7258
313.053	10766.1717
313.122	12036.9363
313.192	23296.6685
313.262	57108.6326
313.331	65535
313.401	65535
313.471	65535
313.541	65535
313.61	65345.5629
313.68	30967.3355
313.75	23813.7806
313.819	47615.2734
313.889	65535
313.959	65535
314.028	65535
314.098	65535
314.168	65535
314.237	65535
314.307	65535
314.376	65535
314.446	24641.16
314.516	10583.9025
314.585	9750.3792
314.655	12251.973
314.724	8874.8726
314.794	8913.784
314.864	8620.9245
314.933	8013.7017
315.003	8152.9636
315.072	9311.0899
315.142	9576.3019
315.211	8729.4668
315.281	8016.7737
315.351	9945.9602
315.42	7978.8862
315.49	9056.1178
315.559	7962.5025
315.629	8398.7198
315.698	8753.0184
315.768	8451.967
315.837	9894.761
315.907	9254.7708
315.976	8728.4428
316.046	8508.2862
316.115	8671.0997
316.185	7588.7482
316.254	7902.0874
316.323	8160.1315
316.393	8454.015
316.462	8545.1496
316.532	7420.8148
316.601	7448.4623
316.671	8396.6719
316.74	7723.9141
316.809	7954.3106
316.879	7472.014
316.948	7472.014
317.018	7560.0766
317.087	8016.7737
317.156	8232.8344
317.226	7554.9567
317.295	7114.6434
317.364	8047.4932
317.434	8101.7644
317.503	8757.1144
317.573	8361.8564
317.642	7643.0194
317.711	8311.6812
317.781	7989.1261
317.85	7990.1501
317.919	9020.2784
317.988	8204.1628
318.058	9533.2945
318.127	7470.99
318.196	7613.3238
318.266	8533.8858
318.335	8134.5319
318.404	8690.5554
318.473	7511.9494
318.543	7805.8329
318.612	7399.3111
318.681	7865.224
318.75	7465.8701
318.82	9536.3665
318.889	8010.6298
318.958	8486.7825
319.027	8062.853
319.097	8254.338
319.166	7894.9195
319.235	8948.5995
319.304	8021.8936
319.373	8686.4595
319.443	8329.0889
319.512	8011.6537
319.581	8041.3493
319.65	7799.689
319.719	8141.6998
319.788	7329.6802
319.857	8046.4692
319.927	8224.6425
319.996	8200.0669
320.065	7439.2465
320.134	8067.9729
320.203	8244.0982
320.272	7589.7722
320.341	8495.9984
320.41	8740.7306
320.479	7150.4829
320.549	7953.2866
320.618	7200.6581
320.687	7966.5984
320.756	8577.9171
320.825	8006.5338
320.894	8694.6513
320.963	8031.1095
321.032	8617.8525
321.101	7942.0228
321.17	8381.3121
321.239	9038.7101
321.308	7920.5191
321.377	7273.361
321.446	7920.5191
321.515	8675.1956
321.584	8649.596
321.653	8264.5779
321.722	8057.733
321.791	8070.0209
321.86	7018.3889
321.929	7951.2387
321.998	8440.7032
322.067	7301.0086
322.136	8456.063
322.205	7224.2098
322.274	7110.5475
322.343	7508.8774
322.412	7359.3757
322.48	8480.6386
322.549	8102.7884
322.618	8442.7512
322.687	7677.8348
322.756	8037.2534
322.825	7119.7634
322.894	7481.2298
322.963	7894.9195
323.032	7756.6816
323.1	7968.6464
323.169	8275.8417
323.238	8319.873
323.307	8777.5941
323.376	7226.2577
323.445	7686.0267
323.513	8535.9338
323.582	8378.2402
323.651	7578.5084
323.72	8783.738
323.789	7516.0453
323.857	8631.1643
323.926	7860.1041
323.995	8052.6131
324.064	7952.2627
324.133	7792.5211
324.201	7178.1305
324.27	7604.108
324.339	7700.3625
324.408	7997.318
324.476	7517.0693
324.545	7530.3811
324.614	7894.9195
324.682	7378.8314
324.751	7470.99
324.82	7483.2778
324.889	7615.3718
324.957	7787.4012
325.026	7452.5583
325.095	9245.5549
325.163	8258.434
325.232	7561.1006
325.301	7835.5284
325.369	9609.0694
325.438	7552.9087
325.507	7849.8642
325.575	7287.6968
325.644	8044.4212
325.713	9031.5422
325.781	7219.0898
325.85	8757.1144
325.918	7870.3439
325.987	7828.3605
326.056	8109.9562
326.124	8349.5686
326.193	7525.2612
326.261	8589.1809
326.33	7868.2959
326.399	7181.2024
326.467	7859.0801
326.536	7942.0228
326.604	7518.0933
326.673	7081.8759
326.741	8105.8603
326.81	8053.6371
326.878	8729.4668
326.947	7337.872
327.015	7769.9934
327.084	7869.3199
327.152	7554.9567
327.221	7389.0712
327.289	7484.3018
327.358	7878.5358
327.426	7487.3737
327.495	7455.6302
327.563	8603.5167
327.632	8959.8633
327.7	7653.2592
327.769	8177.5392
327.837	8126.34
327.905	8368.0003
327.974	7867.272
328.042	8443.7752
328.111	8582.013
328.179	8682.3635
328.248	7800.713
328.316	7971.7184
328.384	8164.2274
328.453	8052.6131
328.521	8688.5074
328.59	8171.3953
328.658	7583.6283
328.726	7804.8089
328.795	8048.5172
328.863	7829.3845
328.931	8402.8158
329	9164.6602
329.068	8820.6014
329.136	7815.0487
329.205	8606.5887
329.273	8935.2877
329.341	8126.34
329.41	7552.9087
329.478	7873.4159
329.546	7303.0566
329.614	8393.5999
329.683	7677.8348
329.751	9054.0698
329.819	8359.8084
329.887	8195.9709
329.956	8036.2294
330.024	8200.0669
330.092	7635.8515
330.16	9121.6528
330.229	7881.6077
330.297	7989.1261
330.365	8275.8417
330.433	8099.7164
330.502	8761.2103
330.57	8537.9817
330.638	7520.1412
330.706	8360.8324
330.774	7395.2152
330.842	8107.9083
330.911	7635.8515
330.979	8526.7179
331.047	7141.267
331.115	9532.2705
331.183	8860.5368
331.251	7806.8569
331.32	8131.4599
331.388	10043.2388
331.456	9060.2137
331.524	7964.5505
331.592	7510.9254
331.66	7702.4105
331.728	8463.2309
331.796	9450.3518
331.864	7737.2259
331.932	8348.5446
332.001	9211.7634
332.069	7866.248
332.137	7966.5984
332.205	8340.3527
332.273	7583.6283
332.341	8339.3288
332.409	7483.2778
332.477	9601.9015
332.545	8804.2177
332.613	8214.4027
332.681	8136.5798
332.749	9006.9666
332.817	9336.6895
332.885	7723.9141
332.953	7972.7423
333.021	8299.3934
333.089	8561.5334
333.157	9232.2431
333.225	7803.7849
333.293	7716.7463
333.361	8171.3953
333.429	7593.8681
333.497	7910.2793
333.565	8896.3762
333.632	8264.5779
333.7	8737.6587
333.768	8062.853
333.836	8357.7605
333.904	9368.433
333.972	9106.293
334.04	8019.8456
334.108	9686.8922
334.176	8670.0757
334.244	8507.2622
334.311	7935.8789
334.379	8446.8471
334.447	8228.7384
334.515	7922.5671
334.583	8015.7497
334.651	8970.1031
334.718	9838.4419
334.786	11262.8041
334.854	21440.1848
334.922	38416.8218
334.99	46639.4163
335.058	49333.5192
335.125	49535.2441
335.193	42921.3291
335.261	27631.1944
335.329	15176.4724
335.396	11732.813
335.464	9241.459
335.532	9527.1506
335.6	8893.3043
335.667	9340.7855
335.735	9856.8736
335.803	8359.8084
335.871	8798.0737
335.938	9459.5677
336.006	9876.3293
336.074	8473.4707
336.142	8210.3067
336.209	8287.1055
336.277	8868.7287
336.345	7876.4878
336.412	9266.0346
336.48	8687.4834
336.548	10049.3827
336.615	8329.0889
336.683	8166.2754
336.751	7827.3366
336.818	8957.8153
336.886	7991.1741
336.953	8231.8104
337.021	8434.5593
337.089	8917.8799
337.156	8555.3895
337.224	7831.4325
337.292	8098.6924
337.359	8327.0409
337.427	8976.247
337.494	8029.0615
337.562	8221.5705
337.629	8415.1036
337.697	8150.9156
337.765	7960.4545
337.832	7995.27
337.9	8873.8486
337.967	8139.6518
338.035	8761.2103
338.102	9837.4179
338.17	10873.6901
338.237	7741.3219
338.305	7843.7203
338.372	8121.2201
338.44	8545.1496
338.507	8539.0057
338.575	8037.2534
338.642	7516.0453
338.71	9087.8613
338.777	8081.2847
338.845	8715.131
338.912	8089.4766
338.98	8623.9964
339.047	8045.4452
339.114	8677.2436
339.182	8225.6665
339.249	8817.5295
339.317	9428.8481
339.384	8515.4541
339.452	7576.4604
339.519	8165.2514
339.586	8137.6038
339.654	8441.7272
339.721	8329.0889
339.788	8797.0498
339.856	9217.9073
339.923	8067.9729
339.991	8051.5891
340.058	9357.1692
340.125	10163.0449
340.193	9209.7155
340.26	8864.6327
340.327	9624.4291
340.395	8373.1202
340.462	7929.735
340.529	9772.9069
340.597	9281.3944
340.664	9614.1893
340.731	8265.6019
340.798	8097.6684
340.866	8942.4555
340.933	7903.1114
341	9621.3572
341.067	11901.7704
341.135	7996.294
341.202	9066.3577
341.269	8609.6606
341.336	8290.1775
341.404	8067.9729
341.471	9119.6048
341.538	8103.8123
341.605	8275.8417
341.673	9124.7248
341.74	8465.2788
341.807	7671.6909
341.874	8250.2421
341.941	8442.7512
342.008	8639.3562
342.076	8110.9802
342.143	7467.918
342.21	9230.1952
342.277	8759.1623
342.344	7978.8862
342.411	8523.6459
342.479	9246.5789
342.546	8363.9044
342.613	8082.3087
342.68	8482.6866
342.747	9628.5251
342.814	8043.3973
342.881	9374.577
342.948	7667.595
343.015	8744.8266
343.082	9577.3259
343.15	8797.0498
343.217	8594.3009
343.284	9764.715
343.351	8464.2548
343.418	9854.8256
343.485	8137.6038
343.552	8482.6866
343.619	8406.9117
343.686	8369.0243
343.753	7859.0801
343.82	8721.2749
343.887	8413.0556
343.954	8488.8305
344.021	8390.528
344.088	8878.9685
344.155	8429.4394
344.222	9130.8687
344.289	9502.575
344.356	11275.092
344.423	8653.692
344.49	8616.8285
344.557	9353.0733
344.624	8260.482
344.691	8741.7546
344.757	8303.4893
344.824	7926.663
344.891	8657.7879
344.958	11074.391
345.025	9801.5784
345.092	7815.0487
345.159	9346.9294
345.226	9149.3004
345.293	8127.364
345.36	9460.5916
345.426	8108.9323
345.493	8817.5295
345.56	8577.9171
345.627	8867.7047
345.694	8530.8138
345.761	8373.1202
345.828	8123.268
345.894	8034.1814
345.961	8885.1124
346.028	8651.644
346.095	8736.6347
346.162	8288.1295
346.228	9251.6988
346.295	8466.3028
346.362	8509.3102
346.429	8810.3616
346.496	9366.3851
346.562	9188.2118
346.629	9163.6362
346.696	9155.4443
346.763	9288.5623
346.829	10048.3587
346.896	8351.6166
346.963	8238.9783
347.029	9725.8036
347.096	8532.8618
347.163	8853.3689
347.23	9676.6523
347.296	8280.9616
347.363	9794.4105
347.43	8503.1662
347.496	9813.8662
347.563	10211.1722
347.63	9014.1345
347.696	8931.1917
347.763	10753.8839
347.83	8857.4648
347.896	8627.0684
347.963	8651.644
348.03	9911.1448
348.096	9710.4438
348.163	9287.5383
348.229	8863.6087
348.296	9203.5716
348.363	8356.7365
348.429	10363.7459
348.496	8158.0835
348.562	8377.2162
348.629	9602.9255
348.696	9107.317
348.762	8773.4981
348.829	8438.6552
348.895	8781.69
348.962	8891.2563
349.028	8784.762
349.095	8637.3082
349.161	8621.9484
349.228	8056.7091
349.294	8547.1976
349.361	9284.4663
349.427	8784.762
349.494	8403.8398
349.56	9054.0698
349.627	8518.526
349.693	9106.293
349.76	9591.6616
349.826	10062.6945
349.893	8665.9798
349.959	8887.1604
350.026	9248.6269
350.092	9296.7541
350.159	8582.013
350.225	9612.1413
350.291	7945.0948
350.358	8871.8006
350.424	8127.364
350.491	8482.6866
350.557	8440.7032
350.623	9012.0865
350.69	10156.901
350.756	9084.7894
350.823	9827.178
350.889	10038.1188
350.955	8234.8823
351.022	9519.9827
351.088	8939.3836
351.154	9985.8956
351.221	9077.6215
351.287	8632.1883
351.353	9523.0547
351.42	9643.8848
351.486	9571.182
351.552	10051.4306
351.619	9477.9994
351.685	8895.3523
351.751	8437.6312
351.818	10480.4801
351.884	9568.11
351.95	8934.2637
352.016	8557.4374
352.083	8390.528
352.149	9114.4849
352.215	8756.0904
352.281	8968.0552
352.348	8347.5206
352.414	9453.4237
352.48	9903.9769
352.546	8711.0351
352.613	9084.7894
352.679	9715.5638
352.745	8243.0742
352.811	9365.3611
352.877	8872.8246
352.943	10316.6426
353.01	8922.9998
353.076	8761.2103
353.142	9086.8373
353.208	9426.8002
353.274	10003.3034
353.34	8303.4893
353.407	8975.223
353.473	9615.2133
353.539	10108.7738
353.605	8968.0552
353.671	9160.5642
353.737	9234.2911
353.803	8188.803
353.869	9108.341
353.936	8482.6866
354.002	9792.3626
354.068	8832.8892
354.134	9095.0292
354.2	9759.5951
354.266	8331.1369
354.332	9589.6137
354.398	8510.3341
354.464	9185.1398
354.53	9362.2891
354.596	8956.7913
354.662	8812.4095
354.728	9005.9426
354.794	10117.9896
354.86	9315.1859
354.926	8989.5588
354.992	9038.7101
355.058	10732.3802
355.124	10135.3973
355.19	9097.0772
355.256	9409.3924
355.322	9048.9499
355.388	10362.7219
355.454	8750.9705
355.52	8782.714
355.586	11231.0606
355.652	8585.085
355.718	8445.8231
355.784	8938.3596
355.85	9803.6264
355.915	9637.7409
355.981	7935.8789
356.047	9623.4052
356.113	9856.8736
356.179	9158.5162
356.245	8630.1403
356.311	9018.2304
356.377	9424.7522
356.443	9133.9406
356.508	8337.2808
356.574	9276.2745
356.64	8426.3674
356.706	8968.0552
356.772	8262.5299
356.838	10983.2564
356.903	10263.3954
356.969	8767.3542
357.035	8693.6273
357.101	8773.4981
357.167	9798.5065
357.232	9261.9387
357.298	8462.2069
357.364	9484.1433
357.43	9923.4326
357.496	9467.7595
357.561	8732.5387
357.627	9391.9847
357.693	9322.3537
357.759	9268.0826
357.824	8775.5461
357.89	9496.4311
357.956	9513.8388
358.021	8817.5295
358.087	9436.016
358.153	9766.763
358.219	9025.3983
358.284	9620.3332
358.35	9067.3816
358.416	9671.5324
358.481	9463.6636
358.547	9007.9905
358.613	8831.8652
358.678	9098.1012
358.744	9377.6489
358.81	10449.7605
358.875	8994.6787
358.941	10215.2681
359.006	9207.6675
359.072	9970.5359
359.138	18534.1172
359.203	9505.647
359.269	9338.7375
359.335	10501.9837
359.4	9934.6964
359.466	10156.901
359.531	10197.8604
359.597	11127.6382
359.662	10711.9005
359.728	11079.5109
359.794	10201.9563
359.859	9689.9641
359.925	10773.3396
359.99	10612.5741
360.056	10084.1981
360.121	10718.0445
360.187	10963.8007
360.252	10794.8433
360.318	10873.6901
360.383	10858.3303
360.449	10879.834
360.514	11647.8223
360.58	10708.8286
360.645	10722.1404
360.711	10668.8932
360.776	10651.4855
360.842	12331.8438
360.907	11158.3577
360.972	11125.5902
361.038	11303.7635
361.103	11368.2745
361.169	11770.7004
361.234	10553.183
361.3	11919.1781
361.365	10638.1737
361.43	11117.3984
361.496	10513.2476
361.561	12386.115
361.627	11326.2912
361.692	11906.8903
361.757	10948.4409
361.823	12440.3862
361.888	13161.2712
361.953	11040.5995
362.019	11546.4478
362.084	11265.8761
362.149	11867.9789
362.215	12048.2002
362.28	11620.1747
362.345	12257.093
362.411	12170.0543
362.476	12107.5912
362.541	12036.9363
362.607	13137.7195
362.672	12483.3935
362.737	11886.4106
362.802	12717.8859
362.868	12510.0171
362.933	13689.6471
362.998	12004.1688
363.063	12894.0112
363.129	13908.7798
363.194	16586.4989
363.259	16242.4402
363.324	17502.9649
363.39	18030.3169
363.455	17973.9977
363.52	16542.4676
363.585	15165.2086
363.65	14888.7328
363.716	14855.9653
363.781	15410.9648
363.846	14478.1151
363.911	16492.2923
363.976	14586.6574
364.042	14068.5213
364.107	14625.5688
364.172	15895.3095
364.237	15449.8762
364.302	15384.3412
364.367	16040.7152
364.432	15139.609
364.497	16118.538
364.563	17434.358
364.628	17416.9502
364.693	18071.2762
364.758	19504.8544
364.823	18259.6894
364.888	18264.8093
364.953	21212.8603
365.018	20864.7056
365.083	21179.0688
365.148	23302.8124
365.213	25986.6755
365.278	29356.608
365.343	34528.7531
365.408	40814.9932
365.474	56140.9673
365.539	65535
365.604	65535
365.669	65535
365.734	65535
365.799	65535
365.864	65535
365.929	65535
365.994	65535
366.058	65535
366.123	65535
366.188	65535
366.253	65535
366.318	65535
366.383	65535
366.448	65535
366.513	65535
366.578	65535
366.643	65535
366.708	65535
366.773	65535
366.838	65535
366.903	65535
366.967	65535
367.032	65535
367.097	65535
367.162	65535
367.227	65535
367.292	65535
367.357	65535
367.422	65535
367.486	65535
367.551	65535
367.616	65535
367.681	65535
367.746	65535
367.81	65535
367.875	65535
367.94	65535
368.005	65535
368.07	65535
368.134	65535
368.199	65535
368.264	65535
368.329	65535
368.393	65535
368.458	65535
368.523	65535
368.588	65535
368.652	65535
368.717	65535
368.782	65535
368.847	65535
368.911	65535
368.976	65535
369.041	65535
369.105	65535
369.17	65535
369.235	65535
369.299	65535
369.364	65535
369.429	65535
369.493	65535
369.558	65535
369.623	65535
369.687	65535
369.752	65535
369.817	65535
369.881	65535
369.946	65535
370.01	65535
370.075	65535
370.14	65535
370.204	65535
370.269	65535
370.333	65535
370.398	65535
370.462	65535
370.527	65535
370.592	65535
370.656	65535
370.721	65535
370.785	65535
370.85	65535
370.914	65535
370.979	65535
371.043	61205.5941
371.108	27178.5933
371.172	15056.6662
371.237	13828.909
371.301	14178.0877
371.366	12633.9192
371.43	14097.1929
371.495	13385.5238
371.559	11654.9902
371.623	11495.2486
371.688	12329.7959
371.752	11268.948
371.817	11873.0988
371.881	12618.5595
371.946	12237.6373
372.01	11820.8756
372.074	12275.5247
372.139	11518.8002
372.203	11008.856
372.268	11273.044
372.332	12458.8179
372.396	10670.9412
372.461	10739.5481
372.525	11133.7821
372.59	11781.9642
372.654	10822.4909
372.718	11302.7395
372.783	11362.1306
372.847	11091.7987
372.911	10334.0503
372.976	11290.4517
373.04	10359.6499
373.104	10206.0523
373.169	10046.3107
373.233	12170.0543
373.297	10123.1095
373.361	11169.6216
373.426	10240.8677
373.49	11080.5349
373.554	10532.7033
373.619	10154.853
373.683	9755.4991
373.747	9774.9548
373.811	9326.4497
373.875	9851.7537
373.94	9357.1692
374.004	12116.8071
374.068	10023.783
374.132	9673.5804
374.197	9895.785
374.261	10750.812
374.325	9903.9769
374.389	10624.8619
374.453	9448.3038
374.518	9302.898
374.582	10345.3141
374.646	8482.6866
374.71	8364.9284
374.774	9642.8609
374.838	9105.2691
374.903	9419.6323
374.967	9203.5716
375.031	10321.7625
375.095	8871.8006
375.159	10205.0283
375.223	9284.4663
375.287	9434.992
375.351	8968.0552
375.415	9673.5804
375.48	8568.7013
375.544	8684.4115
375.608	10247.0116
375.672	9353.0733
375.736	8768.3782
375.8	9582.4458
375.864	9312.1139
375.928	9577.3259
375.992	9356.1452
376.056	9751.4032
376.12	9203.5716
376.184	8552.3175
376.248	9574.2539
376.312	10082.1502
376.376	11039.5755
376.44	8820.6014
376.504	8749.9465
376.568	9592.6856
376.632	8878.9685
376.696	9981.7997
376.76	9291.6342
376.824	10934.1052
376.888	10272.6112
376.952	8590.2049
377.016	9860.9695
377.08	9269.1066
377.144	10567.5187
377.208	10095.462
377.272	9611.1173
377.335	9426.8002
377.399	9954.1521
377.463	8104.8363
377.527	9073.5255
377.591	9706.3479
377.655	9632.621
377.719	8036.2294
377.783	8878.9685
377.847	9086.8373
377.91	9218.9313
377.974	8668.0277
378.038	8723.3229
378.102	8938.3596
378.166	9334.6416
378.23	8592.2529
378.293	8501.1183
378.357	8684.4115
378.421	9078.6455
378.485	8583.037
378.549	8297.3454
378.612	8735.6107
378.676	9056.1178
378.74	9269.1066
378.804	8623.9964
378.868	9405.2965
378.931	8870.7766
378.995	8494.9744
379.059	9234.2911
379.123	8924.0238
379.186	9523.0547
379.25	9014.1345
379.314	8799.0977
379.378	9168.7561
379.441	8989.5588
379.505	9211.7634
379.569	8577.9171
379.632	8914.808
379.696	9915.2407
379.76	9597.8055
379.823	9038.7101
379.887	9295.7302
379.951	10501.9837
380.014	8530.8138
380.078	9473.9034
380.142	8502.1423
380.205	9827.178
380.269	8889.2084
380.333	8448.8951
380.396	9146.2284
380.46	9966.4399
380.523	8904.5681
380.587	8820.6014
380.651	9194.3557
380.714	9037.6861
380.778	8879.9925
380.841	9052.0219
380.905	10509.1516
380.969	8772.4741
381.032	9493.3591
381.096	7971.7184
381.159	8783.738
381.223	8514.4301
381.286	8987.5109
381.35	8764.2823
381.413	9121.6528
381.477	8171.3953
381.54	9429.8721
381.604	8374.1442
381.667	8524.6699
381.731	8191.875
381.794	8856.4409
381.858	8183.6831
381.921	8711.0351
381.985	8560.5094
382.048	8169.3473
382.112	8466.3028
382.175	9203.5716
382.239	9599.8535
382.302	9552.7502
382.365	8618.8765
382.429	9239.411
382.492	10106.7258
382.556	8944.5035
382.619	7858.0561
382.683	10174.3088
382.746	8481.6626
382.809	10255.2035
382.873	8534.9098
382.936	9465.7116
383	9973.6078
383.063	8375.1682
383.126	8045.4452
383.19	10898.2657
383.253	8958.8393
383.316	9333.6176
383.38	8596.3488
383.443	8494.9744
383.506	9188.2118
383.57	8542.0777
383.633	8016.7737
383.696	8166.2754
383.76	9220.9793
383.823	8445.8231
383.886	7768.9695
383.949	9117.5569
384.013	8194.947
384.076	8286.0816
384.139	8212.3547
384.202	8936.3116
384.266	9272.1785
384.329	9192.3077
384.392	8360.8324
384.455	8982.3909
384.519	8235.9063
384.582	8897.4002
384.645	8857.4648
384.708	9604.9734
384.772	8527.7419
384.835	8358.7845
384.898	8308.6092
384.961	9290.6102
385.024	10279.7791
385.087	8595.3248
385.151	8174.4673
385.214	9028.4702
385.277	8355.7125
385.34	8907.6401
385.403	8723.3229
385.466	8213.3787
385.53	9828.202
385.593	8349.5686
385.656	8983.4149
385.719	8893.3043
385.782	9060.2137
385.845	8485.7585
385.908	8574.8452
385.971	8929.1437
386.034	8970.1031
386.097	9294.7062
386.161	9032.5662
386.224	8762.2343
386.287	9989.9916
386.35	8950.6474
386.413	8046.4692
386.476	8935.2877
386.539	9109.365
386.602	8456.063
386.665	9076.5975
386.728	10944.345
386.791	10325.8584
386.854	8151.9396
386.917	8897.4002
386.98	8760.1863
387.043	9416.5603
387.106	8616.8285
387.169	8605.5647
387.232	9402.2245
387.295	8543.1016
387.358	8411.0077
387.421	8491.9024
387.484	9456.4957
387.547	8532.8618
387.609	8821.6254
387.672	7664.523
387.735	9238.387
387.798	8610.6846
387.861	10899.2897
387.924	8907.6401
387.987	9537.3905
388.05	8138.6278
388.113	10458.9764
388.176	8654.7159
388.238	9165.6841
388.301	9339.7615
388.364	8180.6112
388.427	8831.8652
388.49	11142.998
388.553	9118.5809
388.616	9437.04
388.678	8464.2548
388.741	8540.0297
388.804	8608.6366
388.867	8546.1736
388.93	11160.4057
388.992	7931.783
389.055	8331.1369
389.118	8000.3899
389.181	8494.9744
389.244	9847.6577
389.306	8833.9132
389.369	8522.622
389.432	8755.0664
389.495	9007.9905
389.557	9572.2059
389.62	9212.7874
389.683	7904.1354
389.746	7971.7184
389.808	8279.9377
389.871	8956.7913
389.934	8968.0552
389.996	8891.2563
390.059	8632.1883
390.122	8758.1384
390.185	9237.363
390.247	8357.7605
390.31	9730.9235
390.373	9356.1452
390.435	8511.3581
390.498	9496.4311
390.561	8654.7159
390.623	8412.0316
390.686	8132.4839
390.748	10175.3327
390.811	9534.3185
390.874	8521.598
390.936	10355.554
390.999	9681.7723
391.061	10346.3381
391.124	9255.7948
391.187	9321.3298
391.249	10426.2089
391.312	11371.3465
391.374	12424.0024
391.437	11744.0768
391.499	13873.9643
391.562	12515.137
391.625	11544.3998
391.687	10200.9323
391.75	11861.835
391.812	9269.1066
391.875	9692.0121
391.937	8389.504
392	8770.4262
392.062	9779.0508
392.125	9466.7355
392.187	8458.1109
392.25	8730.4908
392.312	9000.8227
392.375	8255.362
392.437	8351.6166
392.5	8503.1662
392.562	8566.6533
392.624	9125.7487
392.687	8748.9225
392.749	8664.9558
392.812	9970.5359
392.874	9164.6602
392.937	8416.1276
392.999	9145.2045
393.061	9440.112
393.124	8187.7791
393.186	8900.4722
393.249	9640.8129
393.311	9446.2559
393.373	9108.341
393.436	8598.3968
393.498	8861.5608
393.56	9749.3552
393.623	8316.8011
393.685	8156.0355
393.748	9301.8741
393.81	9015.1584
393.872	8855.4169
393.935	8345.4727
393.997	9049.9739
394.059	8263.5539
394.121	9332.5936
394.184	8866.6807
394.246	9576.3019
394.308	9007.9905
394.371	8726.3948
394.433	8989.5588
394.495	8766.3302
394.557	9235.3151
394.62	8771.4502
394.682	7801.737
394.744	8977.271
394.806	9250.6748
394.869	8627.0684
394.931	8189.827
394.993	8635.2602
395.055	8512.3821
395.117	9315.1859
395.18	8793.9778
395.242	10517.3435
395.304	9191.2837
395.366	8183.6831
395.428	8220.5466
395.491	8935.2877
395.553	8557.4374
395.615	9441.1359
395.677	8248.1941
395.739	9188.2118
395.801	9782.1227
395.863	8986.4869
395.926	8516.478
395.988	8989.5588
396.05	8101.7644
396.112	8599.4208
396.174	8279.9377
396.236	9580.3978
396.298	8725.3709
396.36	8366.9763
396.422	7708.5544
396.484	9415.5363
396.547	9360.2412
396.609	8109.9562
396.671	8455.039
396.733	9611.1173
396.795	9192.3077
396.857	8466.3028
396.919	8571.7732
396.981	8677.2436
397.043	8442.7512
397.105	7899.0155
397.167	7838.6004
397.229	10193.7645
397.291	9406.3205
397.353	8359.8084
397.415	9803.6264
397.477	9290.6102
397.539	8897.4002
397.601	9189.2358
397.663	9356.1452
397.725	8336.2568
397.787	9365.3611
397.849	9086.8373
397.91	8384.3841
397.972	8451.967
398.034	8834.9372
398.096	8829.8173
398.158	8321.921
398.22	8416.1276
398.282	9077.6215
398.344	8586.109
398.406	9173.876
398.468	9522.0307
398.529	9276.2745
398.591	8740.7306
398.653	9193.3317
398.715	9212.7874
398.777	9376.6249
398.839	8786.8099
398.901	10185.5726
398.962	11073.367
399.024	11818.8277
399.086	10909.5295
399.148	11913.0342
399.21	13503.282
399.271	11537.232
399.333	11442.0014
399.395	11358.0347
399.457	10474.3362
399.519	12149.5746
399.58	9364.3371
399.642	9645.9328
399.704	11370.3225
399.766	9760.6191
399.827	9119.6048
399.889	9465.7116
399.951	10044.2627
400.013	11045.7195
400.074	9219.9553
400.136	8940.4076
400.198	9655.1487
400.259	10245.9877
400.321	9214.8354
400.383	10593.1184
400.445	9325.4257
400.506	9938.7923
400.568	9382.7688
400.63	9464.6876
400.691	9557.8702
400.753	10034.0229
400.815	9494.3831
400.876	10806.1071
400.938	9778.0268
400.999	9702.252
401.061	10660.7013
401.123	9896.809
401.184	11411.2819
401.246	11491.1527
401.307	11248.4684
401.369	9634.669
401.431	10332.0023
401.492	11278.1639
401.554	9977.7037
401.615	10284.8991
401.677	10760.0278
401.739	10336.0983
401.8	9450.3518
401.862	9415.5363
401.923	11589.4552
401.985	10549.087
402.046	10008.4233
402.108	10944.345
402.169	11690.8296
402.231	11512.6563
402.292	10186.5966
402.354	10773.3396
402.415	10313.5706
402.477	11032.4077
402.538	11279.1879
402.6	9849.7057
402.661	10833.7547
402.723	11064.1512
402.784	10553.183
402.846	10627.9338
402.907	12626.7513
402.968	10604.3822
403.03	12697.4062
403.091	12971.8341
403.153	14201.6393
403.214	15219.4798
403.276	14657.3123
403.337	14402.3402
403.398	14861.0852
403.46	13033.2731
403.521	12825.4043
403.582	11965.2574
403.644	11679.5658
403.705	12044.1042
403.767	11297.6196
403.828	11476.8169
403.889	12592.9598
403.951	12686.1424
404.012	12881.7234
404.073	12545.8566
404.135	12700.4782
404.196	12716.862
404.257	13219.6383
404.319	14692.1278
404.38	14598.9452
404.441	15508.2434
404.502	15356.6937
404.564	17306.3599
404.625	17448.6937
404.686	18398.9512
404.747	19164.8916
404.809	21184.1888
404.87	25022.0822
404.931	30234.1627
404.992	38333.8791
405.054	57974.9234
405.115	65535
405.176	65535
405.237	65535
405.299	65535
405.36	65535
405.421	65535
405.482	65535
405.543	65535
405.605	65535
405.666	65535
405.727	65535
405.788	65535
405.849	65535
405.91	65535
405.971	65535
406.033	65535
406.094	65535
406.155	65535
406.216	65535
406.277	65535
406.338	65535
406.399	65535
406.46	65535
406.521	65535
406.583	65535
406.644	65535
406.705	65535
406.766	65535
406.827	65535
406.888	65535
406.949	65535
407.01	65535
407.071	65535
407.132	65535
407.193	65535
407.254	65535
407.315	65535
407.376	65535
407.437	65535
407.498	65535
407.559	65535
407.62	65535
407.681	65535
407.742	65535
407.803	65535
407.864	65535
407.925	65535
407.986	65535
408.047	65535
408.108	65535
408.168	37012.9392
408.229	64174.1248
408.29	48676.1212
408.351	65535
408.412	65535
408.473	65535
408.534	65535
408.595	65535
408.656	65535
408.716	65535
408.777	65535
408.838	65535
408.899	65535
408.96	65535
409.021	65535
409.082	65535
409.142	44456.2816
409.203	16955.1333
409.264	15145.7529
409.325	15171.3525
409.386	13111.0959
409.446	12700.4782
409.507	13057.8488
409.568	12329.7959
409.629	11549.5198
409.69	12014.4087
409.75	11631.4385
409.811	12043.0802
409.872	10856.2823
409.933	12737.3416
409.993	11767.6284
410.054	11907.9143
410.115	10729.3083
410.176	10569.5667
410.236	11340.627
410.297	11619.1507
410.358	10387.2975
410.418	10191.7165
410.479	10715.9965
410.54	10679.133
410.6	11508.5604
410.661	10068.8384
410.722	10575.7106
410.782	10139.4933
410.843	9553.7742
410.904	9472.8795
410.964	10135.3973
411.025	10316.6426
411.086	9604.9734
411.146	10159.973
411.207	10396.5134
411.267	11122.5183
411.328	9649.0048
411.389	10486.624
411.449	11346.7709
411.51	11222.8687
411.57	12136.2628
411.631	11060.0552
411.692	10375.0097
411.752	10276.7072
411.813	11186.0053
411.873	11160.4057
411.934	10544.9911
411.994	9842.5378
412.055	10083.1741
412.115	9595.7576
412.176	9868.1374
412.236	9941.8643
412.297	9754.4752
412.358	9096.0532
412.418	10687.3249
412.479	10397.5373
412.539	9813.8662
412.599	9441.1359
412.66	9450.3518
412.72	10229.6039
412.781	9667.4365
412.841	8919.9279
412.902	9157.4923
412.962	10180.4527
413.023	9721.7077
413.083	8955.7673
413.144	9894.761
413.204	9726.8276
413.264	9457.5197
413.325	8673.1477
413.385	9717.6117
413.446	10077.0302
413.506	10568.5427
413.566	8271.7458
413.627	10713.9485
413.687	8482.6866
413.747	9238.387
413.808	8910.712
413.868	9761.643
413.929	8825.7213
413.989	9542.5104
414.049	8576.8931
414.11	9411.4404
414.17	9391.9847
414.23	9268.0826
414.29	9134.9646
414.351	8903.5441
414.411	9280.3704
414.471	8629.1163
414.532	10783.5795
414.592	9404.2725
414.652	8446.8471
414.712	8792.9538
414.773	8479.6146
414.833	9112.437
414.893	8877.9445
414.954	8931.1917
415.014	8768.3782
415.074	9647.9808
415.134	9372.529
415.194	8739.7066
415.255	8387.456
415.315	9573.2299
415.375	9104.2451
415.435	8753.0184
415.495	9130.8687
415.556	8741.7546
415.616	9219.9553
415.676	8090.5005
415.736	8537.9817
415.796	8789.8819
415.856	8122.2441
415.917	9812.8423
415.977	8603.5167
416.037	9987.9436
416.097	9122.6768
416.157	8951.6714
416.217	7750.5377
416.277	9276.2745
416.337	8957.8153
416.398	10504.0317
416.458	8575.8691
416.518	9760.6191
416.578	8647.548
416.638	10057.5745
416.698	8619.9005
416.758	10214.2441
416.818	8912.76
416.878	9477.9994
416.938	8972.1511
416.998	9019.2544
417.058	9380.7209
417.118	8820.6014
417.178	8684.4115
417.238	9034.6141
417.298	8499.0703
417.358	8306.5612
417.418	8218.4986
417.478	9054.0698
417.538	8655.7399
417.598	8474.4947
417.658	7847.8162
417.718	8500.0943
417.778	7823.2406
417.838	8656.7639
417.898	7988.1021
417.958	9542.5104
418.018	8650.62
418.078	8015.7497
418.138	8302.4653
418.198	8945.5275
418.258	7967.6224
418.318	8943.4795
418.377	8964.9832
418.437	9336.6895
418.497	8213.3787
418.557	8169.3473
418.617	8126.34
418.677	8266.6259
418.737	8565.6293
418.797	8191.875
418.856	8672.1237
418.916	9219.9553
418.976	9863.0175
419.036	8787.8339
419.096	8660.8598
419.156	9154.4203
419.215	8750.9705
419.275	8493.9504
419.335	9006.9666
419.395	8391.552
419.455	9534.3185
419.514	9541.4864
419.574	8203.1388
419.634	9244.5309
419.694	8094.5965
419.753	7994.246
419.813	7664.523
419.873	10122.0855
419.933	10096.4859
419.992	8210.3067
420.052	7842.6963
420.112	8537.9817
420.172	8507.2622
420.231	8434.5593
420.291	8378.2402
420.351	8717.179
420.41	8499.0703
420.47	8279.9377
420.53	7710.6023
420.589	9438.064
420.649	9406.3205
420.709	8825.7213
420.768	8091.5245
420.828	8757.1144
420.888	10981.2084
420.947	8436.6073
421.007	9333.6176
421.067	8961.9112
421.126	8340.3527
421.186	8920.9519
421.246	9163.6362
421.305	8913.784
421.365	9121.6528
421.424	9285.4903
421.484	8167.2994
421.543	8724.3469
421.603	8914.808
421.663	8110.9802
421.722	9202.5476
421.782	8537.9817
421.841	8938.3596
421.901	8895.3523
421.96	8320.897
422.02	9292.6582
422.079	8967.0312
422.139	8667.0037
422.198	8166.2754
422.258	8391.552
422.317	8852.3449
422.377	9488.2392
422.436	8638.3322
422.496	8608.6366
422.555	9163.6362
422.615	8744.8266
422.674	8492.9264
422.734	9292.6582
422.793	9032.5662
422.853	9389.9367
422.912	9064.3097
422.972	8323.969
423.031	8405.8877
423.09	8382.3361
423.15	8953.7194
423.209	8865.6567
423.269	8697.7233
423.328	9004.9186
423.387	8425.3434
423.447	8851.3209
423.506	9920.3606
423.566	8707.9631
423.625	8250.2421
423.684	8977.271
423.744	8053.6371
423.803	8394.6239
423.862	9003.8946
423.922	8329.0889
423.981	8774.5221
424.04	9357.1692
424.1	8901.4962
424.159	8120.1961
424.218	9268.0826
424.278	9561.9661
424.337	9630.573
424.396	8650.62
424.455	8737.6587
424.515	8455.039
424.574	8869.7527
424.633	8544.1256
424.692	8585.085
424.752	9432.9441
424.811	8462.2069
424.87	8193.923
424.929	7891.8476
424.989	9550.7023
425.048	8219.5226
425.107	8723.3229
425.166	8605.5647
425.226	9263.9866
425.285	8379.2641
425.344	8588.157
425.403	8678.2676
425.462	8055.6851
425.521	9245.5549
425.581	8225.6665
425.64	8608.6366
425.699	9194.3557
425.758	8528.7659
425.817	8177.5392
425.876	9711.4678
425.935	9632.621
425.995	9841.5138
426.054	9576.3019
426.113	8079.2367
426.172	8703.8672
426.231	8889.2084
426.29	10081.1262
426.349	8104.8363
426.408	9305.97
426.467	8348.5446
426.526	8777.5941
426.586	9187.1878
426.645	9245.5549
426.704	8879.9925
426.763	8836.9852
426.822	8421.2475
426.881	10270.5633
426.94	8296.3214
426.999	8834.9372
427.058	8439.6792
427.117	9145.2045
427.176	8084.3566
427.235	9531.2466
427.294	8240.0023
427.353	9471.8555
427.412	9157.4923
427.471	9487.2152
427.53	8776.5701
427.589	10220.388
427.648	9470.8315
427.707	8360.8324
427.766	8533.8858
427.824	9567.086
427.883	9025.3983
427.942	8808.3136
428.001	8689.5314
428.06	9052.0219
428.119	9927.5285
428.178	9252.7228
428.237	9410.4164
428.296	8939.3836
428.355	8976.247
428.414	9255.7948
428.472	9499.503
428.531	9600.8775
428.59	9383.7928
428.649	9716.5877
428.708	8790.9059
428.767	8732.5387
428.825	9716.5877
428.884	9613.1653
428.943	8976.247
429.002	11093.8467
429.061	9069.4296
429.12	9709.4198
429.178	9593.7096
429.237	10213.2202
429.296	10197.8604
429.355	10776.4116
429.413	9214.8354
429.472	9445.2319
429.531	10129.2534
429.59	9141.1085
429.649	9723.7556
429.707	9681.7723
429.766	9974.6318
429.825	10370.9137
429.883	9300.8501
429.942	10379.1056
430.001	10509.1516
430.06	9402.2245
430.118	10882.9059
430.177	9870.1854
430.236	10702.6847
430.294	9841.5138
430.353	10079.0782
430.412	11130.7102
430.47	10275.6832
430.529	12436.2902
430.588	10969.9446
430.646	11699.0215
430.705	10644.3176
430.764	11543.3759
430.822	10557.2789
430.881	11687.7577
430.939	11654.9902
430.998	10373.9857
431.057	11401.042
431.115	11953.9936
431.174	12050.2481
431.232	11121.4943
431.291	11971.4013
431.35	12022.6005
431.408	11949.8977
431.467	11835.2114
431.525	11849.5472
431.584	11717.4532
431.642	13403.9555
431.701	11071.3191
431.759	11233.1086
431.818	12033.8644
431.877	12446.5301
431.935	12558.1444
431.994	11358.0347
432.052	12476.2256
432.111	11801.4199
432.169	11496.2726
432.228	11668.302
432.286	13278.0054
432.344	11986.7611
432.403	12367.6833
432.461	12016.4566
432.52	11901.7704
432.578	12966.7141
432.637	12882.7474
432.695	12411.7146
432.754	12053.3201
432.812	12813.1165
432.87	11971.4013
432.929	12539.7127
432.987	12834.6202
433.046	12749.6295
433.104	12492.6094
433.162	12884.7954
433.221	12971.8341
433.279	13334.3245
433.338	12077.8957
433.396	13024.0573
433.454	13980.4587
433.513	12675.9026
433.571	12449.602
433.629	12784.4449
433.688	13624.1121
433.746	14040.8737
433.804	14041.8977
433.863	13169.463
433.921	13236.022
433.979	13547.3133
434.037	13322.0367
434.096	13629.232
434.154	14513.9545
434.212	14424.8679
434.271	14111.5287
434.329	14407.4602
434.387	18460.3903
434.445	23890.5795
434.504	30143.028
434.562	33574.3997
434.62	35608.0327
434.678	35140.0718
434.737	33157.638
434.795	29179.4587
434.853	25580.1537
434.911	23363.2275
434.969	20852.4178
435.028	19668.6919
435.086	19447.5112
435.144	20051.662
435.202	25763.4469
435.26	32950.7932
435.318	41046.4137
435.377	45897.0277
435.435	47658.2808
435.493	50579.7082
435.551	49627.4027
435.609	40732.0505
435.667	36835.7899
435.725	35458.5309
435.784	35004.9059
435.842	35173.8633
435.9	37939.6451
435.958	42425.7206
436.016	49101.0748
436.074	61250.6494
436.132	65535
436.19	65535
436.248	65535
436.306	65535
436.364	65535
436.422	65535
436.48	65535
436.538	65535
436.596	65535
436.654	65535
436.713	65535
436.771	65535
436.829	65535
436.887	65535
436.945	65535
437.003	65535
437.06	65535
437.118	65535
437.176	65535
437.234	65535
437.292	65535
437.35	65535
437.408	65535
437.466	65535
437.524	65535
437.582	65535
437.64	65535
437.698	65535
437.756	65535
437.814	65535
437.872	65535
437.929	65535
437.987	65535
438.045	65535
438.103	65535
438.161	65535
438.219	65535
438.277	65535
438.335	65535
438.392	65535
438.45	65535
438.508	65535
438.566	65535
438.624	65535
438.681	65535
438.739	65535
438.797	65535
438.855	65535
438.913	65535
438.97	65535
439.028	65535
439.086	65535
439.144	65535
439.202	65535
439.259	65535
439.317	65535
439.375	65535
439.432	65535
439.49	65535
439.548	65535
439.606	65535
439.663	65535
439.721	65535
439.779	65535
439.836	65535
439.894	65535
439.952	65535
440.009	65535
440.067	65535
440.125	65535
440.182	49394.9583
440.24	15706.8963
440.298	15002.3951
440.355	15205.144
440.413	14967.5796
440.471	14076.7132
440.528	13091.6402
440.586	12843.836
440.643	12977.978
440.701	13647.6637
440.759	13724.4626
440.816	13063.9927
440.874	13431.603
440.931	12240.7092
440.989	12768.0612
441.047	13269.8135
441.104	13111.0959
441.162	13356.8522
441.219	12271.4287
441.277	13078.3284
441.334	12241.7332
441.392	13402.9315
441.449	12014.4087
441.507	12486.4655
441.564	12182.3421
441.622	11225.9407
441.679	11667.278
441.737	11286.3558
441.794	12042.0562
441.852	10944.345
441.909	11782.9882
441.967	11881.2907
442.024	11837.2594
442.082	11306.8355
442.139	13249.3338
442.197	11139.926
442.254	11952.9696
442.311	10616.67
442.369	12738.3656
442.426	10947.417
442.484	11021.1438
442.541	11392.8502
442.598	11461.4571
442.656	11244.3724
442.713	10492.7679
442.771	10578.7826
442.828	10256.2275
442.885	10524.5114
442.943	10811.227
443	11092.8227
443.057	11737.9329
443.115	10538.8472
443.172	10373.9857
443.229	11422.5457
443.287	11552.5917
443.344	11197.2691
443.401	9881.4492
443.459	10500.9598
443.516	9880.4252
443.573	10605.4062
443.631	10519.3915
443.688	10739.5481
443.745	10482.528
443.802	10125.1575
443.86	10372.9617
443.917	9371.505
443.974	9608.0454
444.031	9387.8887
444.089	11125.5902
444.146	10163.0449
444.203	9753.4512
444.26	9794.4105
444.318	9630.573
444.375	9219.9553
444.432	9809.7703
444.489	9729.8995
444.546	8863.6087
444.604	9541.4864
444.661	9358.1932
444.718	9757.5471
444.775	9015.1584
444.832	9126.7727
444.889	9877.3533
444.947	8772.4741
445.004	8777.5941
445.061	8915.832
445.118	8728.4428
445.175	8838.0091
445.232	8586.109
445.289	8531.8378
445.346	8452.991
445.404	8619.9005
445.461	9235.3151
445.518	8193.923
445.575	8513.4061
445.632	8735.6107
445.689	8559.4854
445.746	9212.7874
445.803	8705.9152
445.86	8183.6831
445.917	8809.3376
445.974	8133.5079
446.031	8671.0997
446.088	8062.853
446.145	9378.6729
446.202	8647.548
446.259	8283.0096
446.316	8635.2602
446.373	8313.7291
446.43	8375.1682
446.487	8089.4766
446.544	9664.3645
446.601	8466.3028
446.658	8489.8545
446.715	8866.6807
446.772	8010.6298
446.829	9086.8373
446.886	9848.6817
446.943	8690.5554
447	8487.8065
447.057	9550.7023
447.114	9061.2377
447.171	8714.107
447.228	8629.1163
447.285	8669.0517
447.341	8475.5187
447.398	8667.0037
447.455	9448.3038
447.512	8838.0091
447.569	8347.5206
447.626	9656.1727
447.683	9701.228
447.74	10034.0229
447.796	8821.6254
447.853	8321.921
447.91	7992.198
447.967	8199.0429
448.024	8936.3116
448.081	9237.363
448.137	7637.8995
448.194	9156.4683
448.251	8481.6626
448.308	8776.5701
448.365	8392.5759
448.421	9575.2779
448.478	8062.853
448.535	8668.0277
448.592	7617.4198
448.648	7859.0801
448.705	8088.4526
448.762	8695.6753
448.819	8365.9523
448.875	8782.714
448.932	9167.7321
448.989	8258.434
449.046	8127.364
449.102	7558.0287
449.159	8159.1075
449.216	8685.4355
449.272	8406.9117
449.329	9174.9
449.386	7784.3292
449.442	9116.5329
449.499	8216.4506
449.556	8519.55
449.612	7450.5103
449.669	7624.5877
449.726	8399.7438
449.782	7760.7776
449.839	7706.5064
449.896	8076.1648
449.952	7669.643
450.009	9003.8946
450.065	7517.0693
450.122	9844.5858
450.179	10197.8604
450.235	8170.3713
450.292	7753.6097
450.348	7946.1187
450.405	8887.1604
450.461	8377.2162
450.518	8434.5593
450.575	8267.6498
450.631	7878.5358
450.688	8104.8363
450.744	9434.992
450.801	8826.7453
450.857	7988.1021
450.914	8208.2588
450.97	7437.1985
451.027	9040.758
451.083	8619.9005
451.14	7802.7609
451.196	7521.1652
451.253	8688.5074
451.309	7530.3811
451.366	7669.643
451.422	8253.3141
451.479	7802.7609
451.535	8208.2588
451.591	8903.5441
451.648	9228.1472
451.704	7279.5049
451.761	7951.2387
451.817	8663.9318
451.874	9646.9568
451.93	7931.783
451.986	8107.9083
452.043	8302.4653
452.099	8892.2803
452.156	8085.3806
452.212	9083.7654
452.268	8003.4619
452.325	7593.8681
452.381	7949.1907
452.437	8007.5578
452.494	8704.8912
452.55	8605.5647
452.606	7738.2499
452.663	10201.9563
452.719	7479.1819
452.775	8052.6131
452.832	8352.6405
452.888	7989.1261
452.944	8018.8216
453.001	7661.4511
453.057	7668.619
453.113	8019.8456
453.169	8420.2235
453.226	7529.3571
453.282	7668.619
453.338	7872.3919
453.394	8257.41
453.451	7367.5676
453.507	8308.6092
453.563	8091.5245
453.619	8763.2583
453.676	7743.3698
453.732	8199.0429
453.788	7771.0174
453.844	8283.0096
453.9	8114.0522
453.957	7374.7355
454.013	7437.1985
454.069	7616.3958
454.125	8040.3253
454.181	8418.1755
454.237	9935.7204
454.294	7854.9841
454.35	8592.2529
454.406	7897.9915
454.462	7729.0341
454.518	8205.1868
454.574	8559.4854
454.63	7840.6484
454.687	8687.4834
454.743	7384.9753
454.799	8175.4912
454.855	8506.2382
454.911	8226.6905
454.967	7447.4384
455.023	7840.6484
455.079	7181.2024
455.135	7095.1877
455.191	8461.1829
455.247	7604.108
455.303	7647.1153
455.359	7380.8794
455.415	7563.1486
455.471	7951.2387
455.527	8524.6699
455.583	8447.8711
455.639	8236.9303
455.695	8416.1276
455.751	8540.0297
455.807	7872.3919
455.863	8663.9318
455.919	7347.0879
455.975	8471.4227
456.031	7986.0541
456.087	8000.3899
456.143	8191.875
456.199	8280.9616
456.255	8394.6239
456.311	8342.4007
456.367	8621.9484
456.423	7423.8867
456.479	8473.4707
456.535	8467.3268
456.591	7277.457
456.647	8042.3733
456.702	7164.8187
456.758	8049.5412
456.814	8009.6058
456.87	8194.947
456.926	7813.0008
456.982	7753.6097
457.038	7911.3033
457.094	8124.292
457.149	7385.9993
457.205	8256.386
457.261	8308.6092
457.317	7583.6283
457.373	7517.0693
457.429	7628.6836
457.484	8014.7257
457.54	8858.4888
457.596	7531.4051
457.652	8841.0811
457.707	7780.2333
457.763	7869.3199
457.819	7168.9146
457.875	7957.3826
457.931	8085.3806
457.986	7341.968
458.042	7321.4883
458.098	7067.5402
458.154	8817.5295
458.209	8294.2734
458.265	8792.9538
458.321	8152.9636
458.376	7779.2093
458.432	7850.8882
458.488	8009.6058
458.544	8919.9279
458.599	7694.2186
458.655	7403.407
458.711	8184.7071
458.766	8474.4947
458.822	8514.4301
458.878	8108.9323
458.933	7326.6082
458.989	7786.3772
459.044	7504.7815
459.1	8145.7957
459.156	8225.6665
459.211	8412.0316
459.267	8539.0057
459.323	8302.4653
459.378	7619.4677
459.434	9895.785
459.489	7447.4384
459.545	8649.596
459.601	7824.2646
459.656	7524.2372
459.712	8435.5833
459.767	7851.9122
459.823	7340.944
459.878	8312.7052
459.934	8089.4766
459.989	8310.6572
460.045	7472.014
460.1	9385.8408
460.156	7787.4012
460.211	7705.4824
460.267	8832.8892
460.322	7286.6728
460.378	8252.2901
460.433	7886.7277
460.489	8062.853
460.544	7805.8329
460.6	8394.6239
460.655	8059.781
460.711	7715.7223
460.766	8202.1148
460.822	7873.4159
460.877	7848.8402
460.933	8932.2157
460.988	8289.1535
461.043	7332.7521
461.099	8013.7017
461.154	7149.4589
461.21	7615.3718
461.265	7555.9807
461.32	8126.34
461.376	8278.9137
461.431	9547.6303
461.487	7690.1227
461.542	7598.988
461.597	6879.127
461.653	7595.9161
461.708	7483.2778
461.763	7366.5436
461.819	8365.9523
461.874	7289.7448
461.929	7372.6875
461.985	9009.0145
462.04	7946.1187
462.095	7550.8608
462.151	7467.918
462.206	7219.0898
462.261	7425.9347
462.316	7385.9993
462.372	7613.3238
462.427	8103.8123
462.482	8446.8471
462.537	7913.3512
462.593	9082.7414
462.648	7465.8701
462.703	7733.13
462.758	7251.8573
462.814	7720.8422
462.869	7673.7389
462.924	8455.039
462.979	7354.2558
463.034	7481.2298
463.09	7547.7888
463.145	7679.8828
463.2	7407.503
463.255	7488.3977
463.31	8163.2034
463.366	7422.8627
463.421	9178.9959
463.476	7286.6728
463.531	8161.1555
463.586	8287.1055
463.641	7602.06
463.696	7911.3033
463.752	8088.4526
463.807	7739.2739
463.862	9326.4497
463.917	8169.3473
463.972	7751.5617
464.027	8557.4374
464.082	10112.8697
464.137	9171.828
464.192	7970.6944
464.247	7403.407
464.302	7665.547
464.357	7446.4144
464.413	8378.2402
464.468	7890.8236
464.523	8021.8936
464.578	7529.3571
464.633	8278.9137
464.688	7657.3552
464.743	7603.084
464.798	7959.4305
464.853	7849.8642
464.908	7665.547
464.963	8269.6978
465.018	7176.0825
465.073	7610.2519
465.128	7990.1501
465.183	7591.8202
465.238	7289.7448
465.293	7319.4403
465.347	7443.3424
465.402	7578.5084
465.457	7913.3512
465.512	8104.8363
465.567	8427.3914
465.622	8718.203
465.677	7509.9014
465.732	8847.225
465.787	9577.3259
465.842	7781.2573
465.897	7088.0198
465.952	10528.6073
466.006	8337.2808
466.061	7882.6317
466.116	7332.7521
466.171	7883.6557
466.226	7593.8681
466.281	7577.4844
466.336	8733.5627
466.39	7815.0487
466.445	8741.7546
466.5	8588.157
466.555	7635.8515
466.61	8914.808
466.664	7948.1667
466.719	8148.8677
466.774	8129.412
466.829	9097.0772
466.884	7969.6704
466.938	8171.3953
466.993	7287.6968
467.048	7728.0101
467.103	7622.5397
467.157	6968.2137
467.212	7555.9807
467.267	7632.7795
467.322	8131.4599
467.376	8047.4932
467.431	7782.2812
467.486	8637.3082
467.54	7067.5402
467.595	7616.3958
467.65	8399.7438
467.705	7722.8902
467.759	7824.2646
467.814	7609.2279
467.869	8543.1016
467.923	8694.6513
467.978	8135.5559
468.032	7462.7981
468.087	7586.7002
468.142	7967.6224
468.196	6878.103
468.251	9699.18
468.306	7366.5436
468.36	8619.9005
468.415	9230.1952
468.469	7413.6469
468.524	7497.6136
468.579	7888.7756
468.633	7389.0712
468.688	6979.4775
468.742	8250.2421
468.797	8023.9416
468.852	8832.8892
468.906	8042.3733
468.961	8534.9098
469.015	7561.1006
469.07	8147.8437
469.124	7917.4472
469.179	8286.0816
469.233	8158.0835
469.288	8308.6092
469.342	8499.0703
469.397	8192.899
469.451	8020.8696
469.506	8287.1055
469.56	8106.8843
469.615	8482.6866
469.669	7540.6209
469.724	7911.3033
469.778	7495.5656
469.833	7374.7355
469.887	8585.085
469.941	7058.3243
469.996	7976.8383
470.05	7253.9053
470.105	8237.9543
470.159	7967.6224
470.214	7843.7203
470.268	7123.8593
470.322	7406.479
470.377	7743.3698
470.431	9903.9769
470.486	8212.3547
470.54	7227.2817
470.594	7536.525
470.649	7555.9807
470.703	7521.1652
470.757	7991.1741
470.812	8553.3415
470.866	7818.1207
470.92	7553.9327
470.975	8095.6205
471.029	7315.3444
471.083	7409.5509
471.138	7787.4012
471.192	7407.503
471.246	8177.5392
471.3	8793.9778
471.355	7887.7516
471.409	7972.7423
471.463	7276.433
471.518	8128.388
471.572	7864.2
471.626	8125.316
471.68	7889.7996
471.735	6993.8133
471.789	7210.898
471.843	7371.6635
471.897	7584.6523
471.951	8025.9895
472.006	7016.3409
472.06	7755.6577
472.114	8369.0243
472.168	7365.5196
472.222	7359.3757
472.277	8719.227
472.331	8586.109
472.385	7315.3444
472.439	8011.6537
472.493	7267.2171
472.547	7592.8441
472.602	8030.0855
472.656	7438.2225
472.71	7842.6963
472.764	8376.1922
472.818	8706.9391
472.872	7242.6415
472.926	8138.6278
472.98	7109.5235
473.034	7622.5397
473.089	7314.3204
473.143	9811.8183
473.197	7234.4496
473.251	7730.058
473.305	7502.7335
473.359	8072.0688
473.413	7844.7443
473.467	8025.9895
473.521	7571.3405
473.575	8854.3929
473.629	8647.548
473.683	8015.7497
473.737	6863.7673
473.791	9154.4203
473.845	7668.619
473.899	9451.3758
473.953	8392.5759
474.007	8231.8104
474.061	7978.8862
474.115	7341.968
474.169	7464.8461
474.223	7859.0801
474.277	7291.7927
474.331	7943.0468
474.385	7482.2538
474.439	8075.1408
474.493	8541.0537
474.547	7489.4217
474.601	7606.1559
474.654	9311.0899
474.708	8178.5632
474.762	7712.6503
474.816	7670.667
474.87	7282.5769
474.924	7346.0639
474.978	7873.4159
475.032	7713.6743
475.086	8018.8216
475.139	9119.6048
475.193	7763.8495
475.247	7815.0487
475.301	7589.7722
475.355	7478.1579
475.409	7107.4755
475.462	7777.1613
475.516	8151.9396
475.57	8116.1002
475.624	7764.8735
475.678	8122.2441
475.731	8414.0796
475.785	7561.1006
475.839	7468.942
475.893	7668.619
475.947	7903.1114
476	8048.5172
476.054	6990.7413
476.108	7954.3106
476.162	8511.3581
476.215	7787.4012
476.269	7723.9141
476.323	7461.7741
476.376	7699.3385
476.43	7648.1393
476.484	7901.0634
476.538	7144.339
476.591	8194.947
476.645	7424.9107
476.699	8228.7384
476.752	6968.2137
476.806	7563.1486
476.86	6898.5827
476.913	8106.8843
476.967	7459.7262
477.021	8380.2881
477.074	7221.1378
477.128	7823.2406
477.182	7446.4144
477.235	7311.2484
477.289	7110.5475
477.342	7649.1633
477.396	7415.6948
477.45	8536.9577
477.503	7390.0952
477.557	8228.7384
477.61	8073.0928
477.664	7631.7555
477.717	7561.1006
477.771	8488.8305
477.825	8221.5705
477.878	8043.3973
477.932	6840.2156
477.985	7441.2945
478.039	7719.8182
478.092	8277.8897
478.146	7820.1687
478.199	7529.3571
478.253	8188.803
478.306	8631.1643
478.36	7034.7727
478.413	7763.8495
478.467	7423.8867
478.52	7221.1378
478.574	7393.1672
478.627	7984.0062
478.681	8020.8696
478.734	7749.5138
478.788	7789.4491
478.841	7391.1192
478.894	8943.4795
478.948	7872.3919
479.001	8814.4575
479.055	7152.5309
479.108	7733.13
479.162	8691.5794
479.215	8537.9817
479.268	6977.4295
479.322	8501.1183
479.375	9275.2505
479.428	8291.2015
479.482	8818.5534
479.535	7179.1545
479.589	7424.9107
479.642	7287.6968
479.695	9428.8481
479.749	7290.7687
479.802	8541.0537
479.855	8944.5035
479.909	8013.7017
479.962	8357.7605
480.015	7222.1618
480.068	7552.9087
480.122	7957.3826
480.175	7933.8309
480.228	7058.3243
480.282	7743.3698
480.335	7493.5177
480.388	7549.8368
480.441	7577.4844
480.495	11042.6475
480.548	7890.8236
480.601	7908.2313
480.654	8212.3547
480.708	7652.2352
480.761	9047.9259
480.814	8328.0649
480.867	7867.272
480.92	7267.2171
480.974	7364.4956
481.027	7121.8113
481.08	8429.4394
481.133	7605.132
481.186	7942.0228
481.24	7688.0747
481.293	7377.8074
481.346	8262.5299
481.399	7918.4712
481.452	7859.0801
481.505	8429.4394
481.558	8345.4727
481.612	7405.455
481.665	7835.5284
481.718	7285.6488
481.771	7230.3537
481.824	8218.4986
481.877	8612.7326
481.93	7979.9102
481.983	8960.8873
482.036	8265.6019
482.089	7187.3463
482.142	7926.663
482.196	7843.7203
482.249	7449.4863
482.302	7342.992
482.355	8725.3709
482.408	8517.502
482.461	7638.9234
482.514	8248.1941
482.567	7390.0952
482.62	8382.3361
482.673	7535.501
482.726	8209.2827
482.779	7263.1212
482.832	7116.6914
482.885	8096.6445
482.938	7465.8701
482.991	7630.7316
483.044	7651.2113
483.097	7882.6317
483.15	7840.6484
483.203	8401.7918
483.255	7505.8055
483.308	7055.2523
483.361	7194.5142
483.414	7837.5764
483.467	8488.8305
483.52	6927.2543
483.573	7816.0727
483.626	8479.6146
483.679	7524.2372
483.732	7543.6929
483.784	7905.1594
483.837	8648.572
483.89	8519.55
483.943	7768.9695
483.996	7175.0585
484.049	8699.7712
484.102	8011.6537
484.154	8175.4913
484.207	8481.6626
484.26	7924.6151
484.313	7553.9327
484.366	7619.4677
484.419	7407.503
484.471	8821.6254
484.524	7773.0654
484.577	7939.9748
484.63	7718.7942
484.682	8268.6738
484.735	8487.8065
484.788	7981.9582
484.841	7711.6263
484.894	7704.4584
484.946	7852.9362
484.999	7630.7316
485.052	7543.6929
485.104	7814.0248
485.157	8551.2935
485.21	10180.4527
485.263	7930.759
485.315	7990.1501
485.368	8348.5446
485.421	8336.2568
485.473	7779.2093
485.526	7497.6136
485.579	7115.6674
485.631	8449.9191
485.684	7520.1412
485.737	7849.8642
485.789	7117.7154
485.842	8449.9191
485.895	8379.2641
485.947	7560.0766
486	8867.7047
486.052	7175.0585
486.105	7966.5984
486.158	7873.4159
486.21	7639.9474
486.263	9635.693
486.315	7582.6043
486.368	7926.663
486.421	8034.1814
486.473	8265.6019
486.526	8903.5441
486.578	7962.5025
486.631	8251.2661
486.683	7359.3757
486.736	7753.6097
486.788	8395.6479
486.841	7872.3919
486.894	7582.6043
486.946	7988.1021
486.999	8378.2402
487.051	7752.5857
487.104	8105.8603
487.156	7423.8867
487.209	7962.5025
487.261	7709.5784
487.313	7455.6302
487.366	7935.8789
487.418	8191.875
487.471	7802.7609
487.523	7675.7869
487.576	7600.012
487.628	8885.1124
487.681	8183.6831
487.733	8142.7237
487.785	8617.8525
487.838	7907.2073
487.89	8554.3655
487.943	7611.2759
487.995	8235.9063
488.047	8246.1462
488.1	7534.477
488.152	7892.8716
488.205	7208.85
488.257	7398.2871
488.309	7550.8608
488.362	9231.2191
488.414	8582.013
488.466	7922.5671
488.519	8023.9416
488.571	7779.2093
488.623	8102.7884
488.676	8122.2441
488.728	8318.8491
488.78	8393.5999
488.833	7292.8167
488.885	7868.2959
488.937	7506.8295
488.989	8355.7125
489.042	8306.5612
489.094	7801.737
489.146	8977.271
489.198	8754.0424
489.251	8657.7879
489.303	7881.6077
489.355	9091.9573
489.407	8145.7957
489.46	8789.8819
489.512	8479.6146
489.564	7774.0894
489.616	8567.6773
489.668	7943.0468
489.721	8447.8711
489.773	7634.8275
489.825	7923.5911
489.877	8725.3709
489.929	9432.9441
489.982	8753.0184
490.034	9525.1027
490.086	7735.178
490.138	8245.1222
490.19	8492.9264
490.242	9029.4942
490.294	7717.7702
490.346	7711.6263
490.399	8630.1403
490.451	7413.6469
490.503	7278.4809
490.555	8167.2994
490.607	7275.409
490.659	7417.7428
490.711	9550.7023
490.763	7793.5451
490.815	8267.6498
490.867	7962.5025
490.919	8301.4413
490.971	8455.039
491.023	7893.8955
491.076	9516.9108
491.128	8380.2881
491.18	9370.481
491.232	7561.1006
491.284	7624.5877
491.336	7681.9308
491.388	9795.4345
491.44	7459.7262
491.492	8334.2088
491.544	8019.8456
491.596	7895.9435
491.648	7893.8955
491.699	8120.1961
491.751	8268.6738
491.803	7563.1486
491.855	8706.9391
491.907	7989.1261
491.959	8699.7712
492.011	8141.6998
492.063	8226.6905
492.115	7648.1393
492.167	8418.1755
492.219	8682.3635
492.271	8315.7771
492.323	9815.9142
492.374	14384.9325
492.426	24538.7616
492.478	31912.473
492.53	34881.0038
492.582	36733.3915
492.634	40001.9496
492.686	40754.5781
492.737	36607.4414
492.789	24784.5178
492.841	19844.8172
492.893	16101.1303
492.945	12903.2271
492.997	10935.1291
493.048	11121.4943
493.1	9572.2059
493.152	8529.7898
493.204	8062.853
493.256	8956.7913
493.307	8863.6087
493.359	8649.596
493.411	8716.155
493.463	8301.4413
493.514	8115.0762
493.566	7996.294
493.618	8715.131
493.67	9049.9739
493.721	8110.9802
493.773	10299.2348
493.825	8775.5461
493.876	8002.4379
493.928	8846.201
493.98	8284.0336
494.032	7782.2812
494.083	8928.1198
494.135	7973.7663
494.187	8438.6552
494.238	7752.5857
494.29	8600.4448
494.342	7846.7923
494.393	8303.4893
494.445	7561.1006
494.497	8434.5593
494.548	7945.0948
494.6	8270.7218
494.651	7815.0487
494.703	8778.618
494.755	8576.8931
494.806	7805.8329
494.858	8077.1887
494.909	8006.5338
494.961	8791.9298
495.013	9125.7487
495.064	7261.0732
495.116	8451.967
495.167	8582.013
495.219	8630.1403
495.27	7779.2093
495.322	8244.0982
495.373	9049.9739
495.425	7487.3737
495.476	7913.3512
495.528	8146.8197
495.579	7885.7037
495.631	8208.2588
495.682	7530.3811
495.734	8440.7032
495.785	7277.457
495.837	8798.0737
495.888	7861.128
495.94	8762.2343
495.991	7951.2387
496.043	7793.5451
496.094	8194.947
496.146	8066.9489
496.197	7856.0081
496.249	8537.9817
496.3	7564.1726
496.351	7625.6116
496.403	8688.5074
496.454	8218.4986
496.506	8134.5319
496.557	8495.9984
496.608	9032.5662
496.66	9064.3097
496.711	7959.4305
496.763	8537.9817
496.814	8519.55
496.865	8513.4061
496.917	9577.3259
496.968	10391.3934
497.019	9152.3723
497.071	9191.2837
497.122	9931.6245
497.173	10065.7664
497.225	9715.5637
497.276	10165.0929
497.327	8715.131
497.378	10029.927
497.43	8663.9318
497.481	9096.0532
497.532	8536.9577
497.584	8655.7399
497.635	8579.9651
497.686	7856.0081
497.737	9186.1638
497.789	7640.9714
497.84	8521.598
497.891	7824.2646
497.942	8099.7164
497.994	8149.8916
498.045	8872.8246
498.096	8451.967
498.147	8484.7345
498.198	8784.762
498.25	8579.9651
498.301	8263.5539
498.352	7894.9195
498.403	8310.6572
498.454	8110.9802
498.505	8266.6259
498.557	7423.8867
498.608	8318.8491
498.659	8195.9709
498.71	8005.5098
498.761	7927.687
498.812	9900.9049
498.863	8378.2402
498.915	7865.224
498.966	7933.8309
499.017	8570.7492
499.068	8288.1295
499.119	8743.8026
499.17	8161.1555
499.221	8951.6714
499.272	8444.7991
499.323	9076.5975
499.374	7666.571
499.425	8361.8564
499.476	7654.2832
499.527	8731.5148
499.579	7758.7296
499.63	8053.6371
499.681	8073.0928
499.732	8012.6777
499.783	8899.4482
499.834	8386.432
499.885	8662.9078
499.936	8575.8691
499.987	7538.573
500.038	8070.0209
500.089	7979.9102
500.14	9451.3758
500.19	8086.4046
500.241	8883.0645
500.292	8722.2989
500.343	7550.8608
500.394	8660.8598
500.445	10030.9509
500.496	7742.3459
500.547	8485.7585
500.598	7959.4305
500.649	8712.0591
500.7	8225.6665
500.751	8253.3141
500.802	8135.5559
500.852	8138.6278
500.903	8261.5059
500.954	9883.4972
501.005	7738.2499
501.056	9731.9475
501.107	7739.2739
501.158	9106.293
501.209	7845.7683
501.259	7964.5505
501.31	8275.8417
501.361	8701.8192
501.412	7886.7277
501.463	8579.9651
501.513	7908.2313
501.564	9887.5931
501.615	8223.6185
501.666	7932.807
501.717	8051.5891
501.767	8786.8099
501.818	9697.132
501.869	8674.1716
501.92	7558.0287
501.97	8934.2637
502.021	8193.923
502.072	7701.3865
502.123	8053.6371
502.173	8243.0742
502.224	7843.7203
502.275	7583.6283
502.326	7290.7687
502.376	8173.4433
502.427	7439.2465
502.478	7702.4105
502.528	8214.4027
502.579	8665.9798
502.63	7508.8774
502.68	8056.7091
502.731	9340.7855
502.782	7962.5025
502.832	8027.0135
502.883	7643.0194
502.934	9728.8755
502.984	8427.3914
503.035	8382.3361
503.085	9263.9866
503.136	8055.6851
503.187	9496.4311
503.237	8644.4761
503.288	8488.8305
503.338	9483.1193
503.389	7754.6337
503.44	9482.0953
503.49	8347.5206
503.541	8549.2455
503.591	10026.855
503.642	8537.9817
503.692	8707.9631
503.743	9163.6362
503.793	8372.0962
503.844	8125.316
503.895	8696.6993
503.945	8876.9205
503.996	8204.1628
504.046	8700.7952
504.097	8338.3048
504.147	8605.5647
504.198	8748.9225
504.248	7818.1207
504.298	7989.1261
504.349	7543.6929
504.399	7472.014
504.45	8405.8877
504.5	7639.9474
504.551	8245.1222
504.601	8334.2088
504.652	8195.9709
504.702	9074.5495
504.752	8687.4834
504.803	8891.2563
504.853	7523.2132
504.904	9973.6078
504.954	7664.523
505.004	7442.3184
505.055	8403.8398
505.105	8569.7252
505.156	8380.2881
505.206	7638.9234
505.256	7612.2998
505.307	9812.8423
505.357	8564.6053
505.407	8081.2847
505.458	8815.4815
505.508	8533.8858
505.558	7771.0174
505.609	9062.2617
505.659	7748.4898
505.709	8806.2656
505.76	8188.803
505.81	8286.0816
505.86	8039.3013
505.91	9137.0126
505.961	9425.7762
506.011	7800.713
506.061	8597.3728
506.112	8600.4448
506.162	7609.2279
506.212	9197.4277
506.262	7608.2039
506.312	7926.663
506.363	7705.4824
506.413	7318.4163
506.463	8836.9852
506.513	9015.1584
506.564	7751.5617
506.614	9777.0028
506.664	7498.6376
506.714	7928.711
506.764	7340.944
506.814	7990.1501
506.865	8297.3454
506.915	7973.7663
506.965	8901.4962
507.015	7620.4917
507.065	8233.8584
507.115	7658.3791
507.165	8233.8584
507.216	8265.6019
507.266	7969.6704
507.316	7802.7609
507.366	8383.3601
507.416	7964.5505
507.466	7754.6337
507.516	8493.9504
507.566	8358.7845
507.616	8330.1129
507.666	7201.6821
507.717	7712.6503
507.767	8713.083
507.817	8061.829
507.867	7682.9548
507.917	8853.3689
507.967	8087.4286
508.017	8036.2294
508.067	7198.6102
508.117	8360.8324
508.167	7696.2666
508.217	7872.3919
508.267	8469.3748
508.317	8739.7066
508.367	8068.9969
508.417	8272.7698
508.467	7472.014
508.517	8348.5446
508.567	7269.2651
508.617	7620.4917
508.667	7750.5377
508.716	8036.2294
508.766	8308.6092
508.816	8031.1095
508.866	7649.1633
508.916	8785.7859
508.966	8498.0463
509.016	7930.759
509.066	8803.1937
509.116	8274.8177
509.166	8107.9083
509.216	8885.1124
509.265	7489.4217
509.315	8318.8491
509.365	7761.8016
509.415	8000.3899
509.465	7223.1858
509.515	7872.3919
509.565	8214.4027
509.614	7832.4565
509.664	7978.8862
509.714	7627.6596
509.764	8001.4139
509.814	7648.1393
509.863	7493.5177
509.913	8630.1403
509.963	7266.1931
510.013	8257.41
510.063	7305.1045
510.112	8166.2754
510.162	7639.9474
510.212	8013.7017
510.262	7142.291
510.311	8443.7752
510.361	7447.4384
510.411	8626.0444
510.461	8158.0835
510.51	7746.4418
510.56	7499.6616
510.61	9029.4942
510.659	7871.3679
510.709	7928.711
510.759	8005.5098
510.809	7322.5123
510.858	7979.9102
510.908	7951.2387
510.958	7543.6929
511.007	7581.5803
511.057	6865.8152
511.107	8245.1222
511.156	7798.665
511.206	7826.3126
511.255	6998.9332
511.305	7845.7683
511.355	8275.8417
511.404	7648.1393
511.454	9014.1345
511.504	8348.5446
511.553	7752.5857
511.603	7047.0605
511.652	7964.5505
511.702	9073.5255
511.751	8677.2436
511.801	8295.2974
511.851	7731.082
511.9	8904.5681
511.95	7772.0414
511.999	7574.4124
512.049	7899.0155
512.098	8731.5148
512.148	7894.9195
512.197	7764.8735
512.247	7772.0414
512.296	7790.4731
512.346	8420.2235
512.395	7126.9312
512.445	8633.2123
512.494	7741.3219
512.544	7717.7702
512.593	9130.8687
512.643	7128.9792
512.692	7334.8001
512.742	7390.0952
512.791	7710.6023
512.84	8791.9298
512.89	8680.3155
512.939	8158.0835
512.989	8331.1369
513.038	8821.6254
513.088	8371.0723
513.137	7917.4472
513.186	9376.6249
513.236	7164.8187
513.285	8014.7257
513.335	8620.9245
513.384	7339.92
513.433	7903.1114
513.483	7405.455
513.532	7926.663
513.581	7639.9474
513.631	8119.1721
513.68	8431.4873
513.729	8245.1222
513.779	8533.8858
513.828	7612.2998
513.877	8775.5461
513.927	7598.988
513.976	7624.5877
514.025	7488.3977
514.074	7380.8794
514.124	7546.7648
514.173	6940.5661
514.222	7976.8383
514.272	7837.5764
514.321	7219.0898
514.37	8113.0282
514.419	8075.1408
514.469	8457.087
514.518	7805.8329
514.567	7871.3679
514.616	7715.7223
514.665	7975.8143
514.715	8483.7105
514.764	7568.2685
514.813	7988.1021
514.862	7486.3498
514.911	7587.7242
514.961	7712.6503
515.01	8194.947
515.059	7137.1711
515.108	8209.2827
515.157	7086.9959
515.206	8017.7977
515.256	7689.0987
515.305	7552.9087
515.354	7399.3111
515.403	7292.8167
515.452	7783.3052
515.501	7243.6655
515.55	7775.1134
515.599	8695.6753
515.648	9065.3337
515.698	8112.0042
515.747	7212.9459
515.796	9303.922
515.845	7511.9494
515.894	9920.3606
515.943	7864.2
515.992	7476.1099
516.041	7992.198
516.09	7815.0487
516.139	7530.3811
516.188	8999.7987
516.237	8212.3547
516.286	8681.3395
516.335	7538.573
516.384	7355.2798
516.433	7718.7942
516.482	7846.7923
516.531	8084.3566
516.58	8632.1883
516.629	8632.1883
516.678	8632.1883
