340.277	-65.7322
340.654	-65.7322
341.032	-65.7322
341.409	-120.5874
341.786	-118.4029
342.163	-113.4271
342.54	-109.4222
342.917	-99.4706
343.293	-82.3587
343.67	-79.446
344.047	-56.9942
344.424	-50.6834
344.8	-22.7704
345.177	-9.542
345.554	34.9975
345.93	50.0463
346.307	55.7503
346.683	96.4062
347.06	105.9938
347.436	133.6641
347.813	147.2565
348.189	166.1889
348.565	180.8736
348.941	195.3155
349.318	244.3454
349.694	257.6951
350.07	280.8751
350.446	289.9772
350.822	299.4434
351.198	337.7935
351.574	319.3466
351.95	321.8952
352.326	325.6574
352.702	344.9538
353.078	344.4683
353.453	346.4101
353.829	343.6188
354.205	353.085
354.581	355.5122
354.956	361.823
355.332	371.1678
355.707	372.7455
356.083	366.5561
356.458	359.6385
356.834	375.0513
357.209	367.1629
357.584	372.9882
357.96	374.3232
358.335	382.8185
358.71	369.5901
359.085	368.8619
359.46	371.6532
359.835	369.1046
360.211	380.1485
360.586	358.9103
360.96	357.0899
361.335	383.9107
361.71	391.5565
362.085	405.8771
362.46	410.4888
362.835	419.4695
363.209	437.795
363.584	416.3141
363.959	451.8729
364.333	460.7323
364.708	482.3346
365.082	481.121
365.457	478.9365
365.831	490.4658
366.206	523.9614
366.58	528.9372
366.954	568.865
367.329	597.1422
367.703	652.6042
368.077	731.2462
368.451	869.2338
368.825	1198.3651
369.2	3056.161
369.574	14860.2281
369.948	27681.7868
370.321	30287.0458
370.695	19227.7718
371.069	11238.2058
371.443	7227.3424
371.817	4630.336
372.191	2127.0203
372.564	1258.5602
372.938	888.5302
373.312	703.2118
373.685	627.1184
374.059	582.3361
374.432	563.4038
374.806	520.0779
375.179	514.4953
375.553	466.5576
375.926	464.8586
376.299	439.2514
376.672	427.8434
377.046	400.2945
377.419	403.2071
377.792	406.7266
378.165	391.1924
378.538	397.3818
378.911	392.406
379.284	374.8086
379.657	377.4786
380.03	368.2551
380.403	379.1776
380.776	387.0661
381.148	358.9103
381.521	374.4445
381.894	372.3814
382.266	378.9349
382.639	363.522
383.012	361.0948
383.384	361.7016
383.757	380.0271
384.129	388.6438
384.501	379.0563
384.874	377.4786
385.246	370.8037
385.618	362.1871
385.991	367.1629
386.363	393.4982
386.735	368.6192
387.107	376.3863
387.479	379.4203
387.851	380.2699
388.223	383.5466
388.595	366.4347
388.967	375.2941
389.339	382.0903
389.711	380.3912
390.083	361.2162
390.454	377.7213
390.826	379.299
391.198	368.0124
391.569	388.7651
391.941	395.8041
392.312	374.8086
392.684	379.6631
393.055	399.3236
393.427	377.2358
393.798	385.4884
394.169	385.9738
394.541	393.4982
394.912	424.8094
395.283	486.5822
395.654	516.1943
396.026	483.1841
396.397	426.7512
396.768	390.8283
397.139	413.4015
397.51	385.1243
397.881	393.4982
398.251	388.2797
398.622	406.9693
398.993	411.7024
399.364	393.3769
399.735	397.1391
400.105	415.4646
400.476	406.2411
400.846	404.9062
401.217	408.3043
401.587	410.6101
401.958	486.8249
402.328	536.583
402.699	603.817
403.069	685.3717
403.439	733.0666
403.81	705.1536
404.18	614.1327
404.55	582.5788
404.92	598.5985
405.29	601.7539
405.66	587.4333
406.03	609.3996
406.4	616.56
406.77	657.7014
407.14	717.6538
407.51	806.9755
407.88	956.3711
408.25	1288.1723
408.619	3017.2041
408.989	19558.7235
409.359	56681.5097
409.728	63248.2381
410.098	60012.3868
410.467	25915.4972
410.837	7701.743
411.206	3152.1576
411.576	1747.4028
411.945	1855.1715
412.314	4351.8122
412.683	7568.2458
413.053	7616.5475
413.422	4638.5885
413.791	1852.6229
414.16	970.9344
414.529	708.673
414.898	602.7248
415.267	559.3989
415.636	527.9663
416.005	526.0246
416.374	499.3251
416.743	487.3104
417.111	488.6453
417.48	451.8729
417.849	463.5236
418.217	475.5383
418.586	452.3584
418.955	465.7081
419.323	443.2563
419.692	460.3682
420.06	434.0328
420.428	451.5088
420.797	484.2763
421.165	459.0332
421.533	456.606
421.902	473.2325
422.27	433.7901
422.638	447.0185
423.006	439.3727
423.374	435.9746
423.742	444.7126
424.11	469.1062
424.478	483.0627
424.846	505.1505
425.214	522.9905
425.582	499.0824
425.949	492.6503
426.317	489.9803
426.685	483.6695
427.052	471.5334
427.42	461.3391
427.788	469.5916
428.155	468.9848
428.523	468.378
428.89	472.8684
429.257	488.524
429.625	502.6019
429.992	505.6359
430.359	526.3886
430.726	520.1992
431.094	541.8015
431.461	533.913
431.828	550.5395
432.195	563.4038
432.562	581.4866
432.929	579.3021
433.296	679.7891
433.663	890.2293
434.03	1016.0807
434.396	981.0074
434.763	827.7283
435.13	792.6549
435.497	806.2474
435.863	940.4728
436.23	1034.0422
436.596	1086.8343
436.963	1076.2758
437.329	1072.3923
437.696	1125.1844
438.062	1368.1493
438.428	1754.8058
438.795	2456.1517
439.161	3459.2013
439.527	7118.4815
439.893	41172.1665
440.26	63248.2381
440.626	63248.2381
440.992	63248.2381
441.358	63248.2381
441.724	62435.8468
442.09	16869.9681
442.455	6002.202
442.821	2928.9746
443.187	1979.2025
443.553	1531.7441
443.919	1293.2695
444.284	1141.3254
444.65	1031.979
445.015	956.8565
445.381	864.0153
445.746	820.8107
446.112	765.5914
446.477	729.6685
446.843	678.9396
447.208	665.4685
447.573	605.0306
447.939	580.3943
448.304	579.5448
448.669	544.1074
449.034	561.9475
449.399	534.0344
449.764	526.3886
450.129	501.8737
450.494	491.3153
450.859	493.9852
451.224	470.0771
451.589	475.9024
451.953	464.4945
452.318	486.8249
452.683	476.1451
453.048	463.0381
453.412	449.3243
453.777	428.5716
454.141	450.6593
454.506	443.9845
454.87	431.3629
455.235	434.2756
455.599	439.8582
455.963	440.7077
456.328	434.8824
456.692	428.3289
457.056	426.3871
457.42	431.3629
457.784	429.2998
458.148	416.5568
458.512	416.6782
458.876	433.062
459.24	443.1349
459.604	438.8873
459.968	445.4408
460.332	443.6204
460.695	430.5134
461.059	441.1931
461.423	426.2657
461.787	414.7364
462.15	405.7557
462.514	415.4646
462.877	418.9841
463.241	414.3723
463.604	412.5519
463.967	420.6831
464.331	423.1103
464.694	415.3432
465.057	414.9791
465.421	390.3428
465.784	404.7848
466.147	417.285
466.51	416.0714
466.873	420.9258
467.236	401.7508
467.599	417.285
467.962	432.2124
468.325	404.7848
468.688	408.7897
469.05	427.2366
469.413	401.7508
469.776	402.1149
470.138	413.7655
470.501	409.0325
470.864	408.3043
471.226	402.2362
471.589	396.2895
471.951	421.7754
472.313	414.0083
472.676	408.3043
473.038	431.3629
473.4	420.319
473.763	405.8771
474.125	406.1198
474.487	417.1636
474.849	411.4597
475.211	412.3092
475.573	426.8725
475.935	412.4306
476.297	412.4306
476.659	411.581
477.021	403.9353
477.383	402.9644
477.744	407.5761
478.106	418.2559
478.468	405.7557
478.829	421.8967
479.191	420.9258
479.552	385.4884
479.914	416.3141
480.275	403.9353
480.637	411.9451
480.998	412.4306
481.36	414.0083
481.721	416.9209
482.082	404.2994
482.443	412.5519
482.804	412.7946
483.166	415.1005
483.527	401.3867
483.888	403.3285
484.249	409.7606
484.61	401.3867
484.97	409.3965
485.331	415.2219
485.692	424.0812
486.053	425.6589
486.414	411.9451
486.774	430.5134
487.135	410.6101
487.496	407.3334
487.856	408.6684
488.217	414.4937
488.577	429.7852
488.938	427.358
489.298	423.8385
489.658	416.7996
490.019	412.916
490.379	414.9791
490.739	426.6298
491.099	415.586
491.459	406.7266
491.819	430.0279
492.179	433.426
492.539	425.9016
492.899	434.1542
493.259	447.3826
493.619	443.7417
493.979	427.358
494.339	428.9357
494.698	422.6249
495.058	457.2128
495.418	678.3328
495.777	895.8119
496.137	1053.824
496.497	976.517
496.856	868.3843
497.215	742.2901
497.575	623.5989
497.934	521.8983
498.293	470.1985
498.653	440.8291
499.012	447.2612
499.371	446.2903
499.73	444.5913
500.089	471.6548
500.448	489.2521
500.807	484.8831
501.166	482.82
501.525	455.8778
501.884	452.6011
502.243	442.164
502.602	443.8631
502.96	431.2415
503.319	436.2173
503.678	440.5863
504.036	444.1058
504.395	427.7221
504.754	441.6786
505.112	426.2657
505.47	450.1739
505.829	441.5572
506.187	428.5716
506.546	421.5326
506.904	428.4502
507.262	447.3826
507.62	444.2272
507.978	435.2465
508.336	434.6396
508.694	442.4068
509.052	441.9213
509.41	428.9357
509.768	441.9213
510.126	416.5568
510.484	439.13
510.842	430.7561
511.2	434.5183
511.557	436.7028
511.915	421.5326
512.273	438.2805
512.63	445.4408
512.988	446.4117
513.345	443.7417
513.703	428.2075
514.06	451.0234
514.417	408.6684
514.775	436.5814
515.132	444.2272
515.489	450.2952
515.846	465.2226
516.203	443.499
516.56	449.3243
516.918	443.2563
517.275	451.2661
517.632	450.902
517.988	451.5088
518.345	451.8729
518.702	459.64
519.059	450.6593
519.416	456.2419
519.772	464.009
520.129	477.9656
520.486	468.8635
520.842	460.7323
521.199	454.1788
521.555	455.271
521.912	459.8828
522.268	470.1985
522.624	473.3538
522.981	486.0968
523.337	466.5576
523.693	482.6986
524.049	500.9028
524.405	473.9606
524.762	476.2665
525.118	478.5724
525.474	485.9754
525.829	509.8835
526.185	499.3251
526.541	500.1746
526.897	504.665
527.253	511.0971
527.609	505.0291
527.964	501.9951
528.32	529.3013
528.676	503.4514
529.031	531.7285
529.387	521.5342
529.742	537.6752
530.098	545.0783
530.453	563.6465
530.808	577.8458
531.164	595.5645
531.519	601.7539
531.874	609.8851
532.229	647.6284
532.584	625.7834
532.939	628.8174
533.294	630.3951
533.649	633.7932
534.004	616.56
534.359	634.036
534.714	647.143
535.069	640.8322
535.424	626.6329
535.778	651.3906
536.133	663.5267
536.488	665.5898
536.842	706.3672
537.197	802.8493
537.551	868.8697
537.906	865.4716
538.26	843.748
538.615	840.8353
538.969	851.6364
539.323	858.6754
539.677	853.8209
540.032	893.7487
540.386	881.9767
540.74	889.2584
541.094	899.21
541.448	913.5306
541.802	935.2542
542.156	976.3956
542.51	972.9975
542.864	987.5609
543.217	1019.2361
543.571	1030.4013
543.925	1082.1012
544.278	1268.2691
544.632	2008.5719
544.986	2334.1838
545.339	2307.363
545.693	1834.2973
546.046	1708.5672
546.4	1760.2671
546.753	1797.7676
547.106	1883.57
547.459	2000.3193
547.813	2248.3815
548.166	2638.3147
548.519	3388.8118
548.872	5255.2243
549.225	29446.7414
549.578	63248.2381
549.931	63248.2381
550.284	63248.2381
550.637	63248.2381
550.99	63248.2381
551.343	63248.2381
551.695	63248.2381
552.048	59349.8765
552.401	31026.3776
552.753	12480.8222
553.106	6020.4061
553.458	3647.7964
553.811	2591.5907
554.163	2056.5095
554.516	1716.0916
554.868	1591.6965
555.22	1470.5781
555.572	1366.3289
555.925	1308.8037
556.277	1232.8317
556.629	1152.3693
556.981	1094.1159
557.333	1053.7027
557.685	995.2066
558.037	959.4051
558.389	936.5892
558.741	888.6516
559.092	841.8062
559.444	828.5778
559.796	804.9124
560.148	758.067
560.499	738.5279
560.851	747.2659
561.202	714.4984
561.554	701.6341
561.905	671.0511
562.257	659.7645
562.608	652.4828
562.959	636.3418
563.311	637.07
563.662	624.5698
564.013	634.7641
564.364	627.9679
564.715	629.1815
565.066	622.7494
565.417	618.0163
565.768	598.9626
566.119	571.8991
566.47	572.7486
566.821	575.0545
567.172	551.389
567.522	569.1078
567.873	556.0008
568.224	566.6805
568.574	562.1902
568.925	565.5883
569.275	559.6416
569.626	563.7679
569.976	547.8696
570.327	554.1803
570.677	566.1951
571.027	598.8412
571.377	595.5645
571.728	595.2004
572.078	582.8216
572.428	564.7388
572.778	579.9089
573.128	571.535
573.478	575.2972
573.828	548.5977
574.178	562.9183
574.528	577.239
574.877	560.9766
575.227	581.972
575.577	659.5218
575.926	707.9449
576.276	749.5717
576.626	672.6288
576.975	652.3615
577.325	663.1626
577.674	752.8485
578.023	823.1166
578.373	842.8984
578.722	819.8398
579.071	844.4761
579.421	939.3805
579.77	1583.4439
580.119	12340.4074
580.468	31689.9802
580.817	44193.4514
581.166	43593.1993
581.515	27989.4372
581.864	20451.0918
582.213	26097.6602
582.561	41102.2625
582.91	49746.4504
583.259	46644.0963
583.608	29159.7224
583.956	19793.3146
584.305	14077.5703
584.653	9806.3874
585.002	6640.3187
585.35	4255.4515
585.699	2379.6942
586.047	1383.5622
586.395	967.4149
586.744	803.092
587.092	688.4057
587.44	658.6723
587.788	625.7834
588.136	610.0065
588.484	591.8023
588.832	586.4624
589.18	572.2631
589.528	554.5444
589.876	552.9667
590.224	549.9327
590.571	530.5149
590.919	532.4567
591.267	520.6847
591.615	505.5145
591.962	492.893
592.31	507.0922
592.657	498.597
593.005	502.966
593.352	495.1988
593.699	493.2571
594.047	484.5191
594.394	468.7421
594.741	468.1353
595.088	458.9119
595.435	449.5671
595.783	440.9504
596.13	460.0041
596.477	433.6688
596.824	448.8389
597.17	433.3047
597.517	433.426
597.864	445.3194
598.211	435.8533
598.558	425.7803
598.904	436.9455
599.251	424.2026
599.598	429.057
599.944	452.8438
600.291	424.8094
600.637	433.3047
600.983	427.1153
601.33	422.5035
601.676	408.6684
602.022	421.7754
602.369	412.1878
602.715	419.2268
603.061	422.0181
603.407	425.4162
603.753	436.4601
604.099	409.2752
604.445	422.3822
604.791	414.4937
605.137	411.3383
605.483	409.7606
605.828	411.7024
606.174	422.1395
606.52	432.5765
606.866	448.2321
607.211	440.3436
607.557	435.4892
607.902	426.2657
608.248	420.4404
608.593	426.3871
608.938	423.1103
609.284	421.4113
609.629	434.8824
609.974	420.9258
610.319	415.1005
610.665	415.95
611.01	426.023
611.355	414.0083
611.7	420.4404
612.045	412.6733
612.39	390.8283
612.734	407.0907
613.079	409.882
613.424	396.4109
613.769	415.3432
614.113	411.3383
614.458	399.809
614.803	411.0956
615.147	397.5031
615.492	409.7606
615.836	420.319
616.18	427.2366
616.525	423.4744
616.869	402.3576
617.213	412.7946
617.558	409.6393
617.902	405.9984
618.246	413.2801
618.59	412.0665
618.934	406.3625
619.278	415.586
619.622	400.6585
619.966	386.2166
620.31	403.8139
620.654	405.3916
620.997	399.2022
621.341	393.3769
621.685	404.2994
622.028	389.9788
622.372	389.1292
622.715	381.9689
623.059	391.4351
623.402	393.6196
623.746	393.2555
624.089	389.1292
624.432	401.6294
624.776	391.7992
625.119	406.2411
625.462	399.4449
625.805	400.9013
626.148	393.8623
626.491	416.5568
626.834	419.4695
627.177	437.0669
627.52	422.0181
627.863	407.3334
628.206	389.1292
628.549	406.3625
628.891	400.9013
629.234	390.8283
629.577	388.7651
629.919	393.4982
630.262	386.3379
630.604	390.9496
630.947	385.003
631.289	381.3621
631.631	380.634
631.974	380.5126
632.316	367.4056
632.658	387.9156
633	376.3863
633.342	386.4593
633.684	375.6581
634.026	382.333
634.368	408.547
634.71	380.5126
635.052	380.1485
635.394	382.6971
635.736	379.1776
636.078	389.1292
636.419	391.7992
636.761	382.6971
637.103	383.0612
637.444	388.1583
637.786	383.5466
638.127	381.4835
638.468	374.2018
638.81	370.6823
639.151	376.9931
639.492	367.7697
639.834	373.8377
640.175	372.9882
640.516	379.5417
640.857	370.4396
641.198	379.6631
641.539	379.6631
641.88	399.9304
642.221	387.0661
642.562	378.3281
642.903	384.2748
643.244	361.9443
643.584	376.1436
643.925	379.9058
644.266	386.2166
644.606	381.9689
644.947	406.7266
645.287	382.0903
645.628	387.1875
645.968	391.071
646.308	391.9205
646.649	378.2067
646.989	371.1678
647.329	372.9882
647.669	381.8476
648.009	357.5753
648.35	381.2408
648.69	372.3814
649.03	386.702
649.369	385.9738
649.709	374.5659
650.049	366.7988
650.389	387.1875
650.729	373.595
651.068	352.8423
651.408	381.2408
651.748	366.9201
652.087	369.8328
652.427	375.5368
652.766	358.1821
653.106	366.3133
653.445	387.6729
653.784	388.4011
654.124	371.0464
654.463	376.3863
654.802	374.6873
655.141	364.2502
655.48	373.9591
655.819	380.7553
656.159	378.5708
656.497	370.561
656.836	382.5757
657.175	366.6774
657.514	366.4347
657.853	358.6676
658.192	363.7648
658.53	370.9251
658.869	369.9542
659.207	370.1969
659.546	385.367
659.885	370.1969
660.223	385.1243
660.561	368.2551
660.9	372.9882
661.238	355.8763
661.576	363.6434
661.915	358.0608
662.253	353.9345
662.591	367.4056
662.929	378.8135
663.267	368.1338
663.605	356.2404
663.943	368.3765
664.281	354.6627
664.619	372.5028
664.956	370.8037
665.294	373.8377
665.632	376.8718
665.969	368.9833
666.307	380.3912
666.645	347.1383
666.982	357.3326
667.32	356.7258
667.657	364.857
667.994	366.5561
668.332	372.8668
668.669	378.2067
669.006	364.2502
669.343	385.2457
669.681	363.522
670.018	377.4786
670.355	375.0513
670.692	373.8377
671.029	394.8332
671.366	377.1145
671.702	358.0608
672.039	374.93
672.376	365.7065
672.713	375.9009
673.049	362.5511
673.386	369.226
673.723	355.7549
674.059	374.8086
674.396	372.5028
674.732	398.5954
675.068	391.6778
675.405	389.2506
675.741	386.2166
676.077	374.2018
676.414	395.1973
676.75	375.6581
677.086	372.6241
677.422	362.6725
677.758	374.4445
678.094	389.372
678.43	394.9546
678.766	393.2555
679.101	368.3765
679.437	364.2502
679.773	368.1338
680.109	382.8185
680.444	390.4642
680.78	380.634
681.115	373.7164
681.451	372.3814
681.786	372.3814
682.122	383.3039
682.457	359.7598
682.792	383.4253
683.128	373.9591
683.463	362.7939
683.798	354.6627
684.133	353.9345
684.468	364.3716
684.803	370.0755
685.138	358.4249
685.473	358.1821
685.808	367.4056
686.143	357.3326
686.478	372.3814
686.812	359.0317
687.147	384.5175
687.482	374.0805
687.816	368.3765
688.151	360.2453
688.485	377.4786
688.82	372.6241
689.154	359.3958
689.489	369.4687
689.823	395.8041
690.157	376.265
690.491	381.1194
690.826	373.8377
691.16	361.2162
691.494	376.9931
691.828	376.0222
692.162	387.4302
692.496	357.3326
692.83	376.9931
693.164	421.5326
693.497	512.1894
693.831	556.6076
694.165	587.9187
694.498	508.1845
694.832	479.3005
695.166	464.3731
695.499	434.1542
695.833	423.2317
696.166	397.6245
696.499	397.1391
696.833	390.2215
697.166	368.7406
697.499	365.3425
697.832	390.4642
698.166	375.5368
698.499	369.3474
698.832	457.4555
699.165	743.1396
699.498	919.5986
699.83	1064.9893
700.163	937.3174
700.496	783.3101
700.829	667.8957
701.162	619.8367
701.494	542.7724
701.827	493.2571
702.159	482.0918
702.492	434.3969
702.824	407.4548
703.157	393.8623
703.489	370.3183
703.821	375.5368
704.154	349.6869
704.486	342.1625
704.818	362.0657
705.15	376.1436
705.482	359.6385
705.814	377.7213
706.146	377.8426
706.478	375.2941
706.81	383.4253
707.142	372.26
707.474	360.8521
707.806	355.1481
708.137	368.6192
708.469	369.8328
708.801	389.4933
709.132	512.9176
709.464	659.2791
709.795	758.7952
710.127	776.7566
710.458	703.94
710.789	626.3902
711.121	585.4915
711.452	545.0783
711.783	522.2624
712.114	477.2374
712.445	455.9992
712.776	424.2026
713.107	389.8574
713.438	378.3281
713.769	367.2842
714.1	370.6823
714.431	373.2309
714.761	357.8181
715.092	363.158
715.423	365.9493
715.753	377.3572
716.084	362.1871
716.414	363.8861
716.745	354.9054
717.075	371.896
717.406	396.5323
717.736	402.843
718.066	397.6245
718.396	380.0271
718.727	397.8672
719.057	392.6487
719.387	382.2116
719.717	366.6774
720.047	370.0755
720.377	358.1821
720.707	379.299
721.037	370.9251
721.366	366.4347
721.696	362.5511
722.026	378.5708
722.355	372.9882
722.685	358.9103
723.015	348.8373
723.344	367.1629
723.674	349.5655
724.003	357.0899
724.332	350.6578
724.662	362.6725
724.991	359.7598
725.32	353.085
725.649	352.8423
725.978	349.3228
726.307	352.2355
726.636	362.0657
726.965	351.0218
727.294	369.8328
727.623	348.4733
727.952	355.0268
728.281	360.7307
728.61	358.6676
728.938	346.046
729.267	353.9345
729.595	403.3285
729.924	452.1156
730.253	478.6937
730.581	480.5141
730.909	453.9361
731.238	437.0669
731.566	417.1636
731.894	404.7848
732.222	381.4835
732.551	382.9398
732.879	383.5466
733.207	371.0464
733.535	368.7406
733.863	356.4831
734.191	370.8037
734.519	375.5368
734.846	367.4056
735.174	353.9345
735.502	360.2453
735.829	366.9201
736.157	346.7742
736.485	351.1432
736.812	358.4249
737.14	355.5122
737.467	369.3474
737.795	358.6676
738.122	353.6918
738.449	359.0317
738.776	383.668
739.104	356.3617
739.431	357.6967
739.758	380.998
740.085	378.6922
740.412	455.9992
740.739	700.7846
741.066	891.0788
741.393	1061.1057
741.719	1023.7265
742.046	884.1612
742.373	762.9215
742.699	656.4878
743.026	560.6125
743.353	506.1213
743.679	480.8782
744.006	447.7466
744.332	398.2313
744.658	387.0661
744.985	366.192
745.311	379.9058
745.637	363.8861
745.963	358.9103
746.289	375.4154
746.616	372.6241
746.942	363.0366
747.268	362.3084
747.593	350.9005
747.919	357.5753
748.245	370.561
748.571	380.998
748.897	362.6725
749.222	364.6143
749.548	345.9247
749.874	378.3281
750.199	354.2986
750.525	376.1436
750.85	369.9542
751.175	375.6581
751.501	369.4687
751.826	356.6045
752.151	375.9009
752.477	499.5678
752.802	724.5713
753.127	889.2584
753.452	1041.8093
753.777	1167.6608
754.102	1217.1761
754.427	1265.9633
754.752	1137.1991
755.076	960.4973
755.401	809.8882
755.726	704.304
756.051	597.2635
756.375	508.0631
756.7	465.5867
757.024	449.3243
757.349	402.7217
757.673	385.7311
757.997	374.5659
758.322	355.5122
758.646	373.1096
758.97	379.299
759.294	380.998
759.619	359.153
759.943	369.3474
760.267	366.9201
760.591	378.0854
760.915	373.1096
761.238	359.8812
761.562	355.3908
761.886	360.0026
762.21	366.3133
762.534	367.6483
762.857	367.0415
763.181	377.964
763.504	378.4495
763.828	352.2355
764.151	368.4978
764.475	374.93
764.798	375.1727
765.121	407.212
765.444	675.056
765.768	1657.2315
766.091	2358.5773
766.414	2949.7273
766.737	2697.1748
767.06	2186.3659
767.383	1753.5922
767.706	1358.1977
768.029	1062.198
768.351	873.9669
768.674	720.2023
768.997	587.7974
769.32	480.6355
769.642	421.1686
769.965	378.3281
770.287	374.93
770.61	375.2941
770.932	363.522
771.255	375.4154
771.577	364.857
771.899	366.3133
772.221	370.1969
772.543	367.7697
772.866	362.7939
773.188	357.5753
773.51	361.7016
773.832	383.3039
774.154	397.1391
774.475	619.3513
774.797	922.39
775.119	1163.8986
775.441	1238.0502
775.762	1042.7802
776.084	913.8947
776.406	747.1445
776.727	645.808
777.049	569.5932
777.37	516.8011
777.691	438.2805
778.013	405.7557
778.334	369.5901
778.655	371.2891
778.976	356.3617
779.298	337.9148
779.619	352.5995
779.94	363.4007
780.261	358.6676
780.582	350.415
780.903	348.1092
781.223	358.1821
781.544	365.0997
781.865	367.4056
782.186	349.2014
782.506	355.5122
782.827	345.3179
783.147	355.2695
783.468	349.0801
783.788	355.3908
784.109	367.527
784.429	369.8328
784.749	361.3375
785.07	367.1629
785.39	347.6237
785.71	347.7451
786.03	338.643
786.35	368.7406
786.67	358.9103
786.99	340.9489
787.31	326.0215
787.63	340.9489
787.95	370.0755
788.269	344.1043
788.589	356.6045
788.909	366.0706
789.228	342.6479
789.548	341.7984
789.867	363.0366
790.187	365.4638
790.506	366.7988
790.826	352.9636
791.145	352.2355
791.464	364.3716
791.783	353.9345
792.102	362.4298
792.422	360.488
792.741	380.5126
793.06	371.6532
793.379	356.4831
793.697	350.415
794.016	332.8177
794.335	349.2014
794.654	365.9493
794.973	358.1821
795.291	360.2453
795.61	362.6725
795.928	366.0706
796.247	373.9591
796.565	417.6491
796.884	637.1913
797.202	824.937
797.52	946.7835
797.839	929.1862
798.157	810.495
798.475	707.2167
798.793	607.9433
799.111	515.7089
799.429	451.1448
799.747	418.4986
800.065	379.7844
800.383	372.8668
800.701	398.7168
801.019	370.8037
801.336	371.7746
801.654	355.0268
801.972	363.8861
802.289	378.4495
802.607	474.5675
802.924	577.9671
803.242	724.5713
803.559	958.5556
803.876	1024.2119
804.194	1143.874
804.511	1071.5428
804.828	873.9669
805.145	739.1347
805.462	615.225
805.779	524.0828
806.096	458.7905
806.413	422.0181
806.73	383.7893
807.047	389.2506
807.363	389.372
807.68	370.9251
807.997	354.2986
808.313	357.0899
808.63	357.2113
808.947	356.119
809.263	369.4687
809.579	368.9833
809.896	372.7455
810.212	376.629
810.528	374.93
810.845	367.527
811.161	364.3716
811.477	380.1485
811.793	380.2699
812.109	477.9656
812.425	799.9366
812.741	1042.5375
813.057	1273.0022
813.373	1850.6811
813.688	2759.4331
814.004	3324.3691
814.32	3692.8214
814.635	2970.6014
814.951	2424.9619
815.266	1792.185
815.582	1248.3659
815.897	911.4675
816.213	686.0999
816.528	542.0442
816.843	460.2468
817.158	429.9066
817.474	407.8188
817.789	377.7213
818.104	372.1387
818.419	363.8861
818.734	360.7307
819.049	358.4249
819.364	360.2453
819.678	363.4007
819.993	354.42
820.308	361.0948
820.622	376.265
820.937	355.1481
821.252	362.4298
821.566	358.4249
821.881	354.6627
822.195	360.7307
822.509	343.7402
822.824	350.051
823.138	346.046
823.452	362.3084
823.766	348.716
824.08	334.7595
824.395	342.1625
824.709	364.4929
825.022	357.6967
825.336	364.0075
825.65	355.0268
825.964	364.6143
826.278	362.7939
826.592	337.308
826.905	347.381
827.219	361.7016
827.532	373.9591
827.846	370.0755
828.159	438.1591
828.473	628.4533
828.786	750.1785
829.099	845.8111
829.413	766.805
829.726	661.8276
830.039	574.3263
830.352	498.8397
830.665	426.2657
830.978	399.5663
831.291	350.9005
831.604	366.4347
831.917	360.7307
832.23	353.085
832.542	335.1235
832.855	348.3519
833.168	342.4052
833.48	361.823
833.793	360.8521
834.105	344.4683
834.418	363.0366
834.73	354.1772
835.043	364.9784
835.355	346.6528
835.667	336.0944
835.979	345.9247
836.291	345.8033
836.604	336.3371
836.916	361.4589
837.228	347.5024
837.539	340.0993
837.851	350.6578
838.163	357.3326
838.475	335.0022
838.787	351.1432
839.098	344.347
839.41	362.7939
839.722	352.8423
840.033	337.5508
840.345	357.9394
840.656	362.6725
840.967	347.8665
841.279	343.8615
841.59	363.8861
841.901	357.8181
842.212	378.6922
842.524	554.1803
842.835	826.0292
843.146	1005.401
843.457	1088.5333
843.768	904.5499
844.079	931.7348
844.389	1174.8211
844.7	1287.6869
845.011	1361.2317
845.321	1136.835
845.632	923.7249
845.943	766.0768
846.253	606.6083
846.564	492.6503
846.874	417.1636
847.184	380.7553
847.495	366.7988
847.805	355.3908
848.115	342.6479
848.425	346.5315
848.736	336.8226
849.046	350.2937
849.356	337.5508
849.666	345.5606
849.975	340.4634
850.285	339.1285
850.595	332.575
850.905	332.3322
851.215	322.6233
851.524	354.42
851.834	332.3322
852.143	352.7209
852.453	350.051
852.762	355.5122
853.072	349.3228
853.381	348.716
853.69	391.5565
854	503.2087
854.309	558.0639
854.618	600.783
854.927	550.9036
855.236	477.7228
855.545	460.4896
855.854	424.5667
856.163	367.891
856.472	362.3084
856.781	343.7402
857.089	345.9247
857.398	329.1768
857.707	332.3322
858.015	340.2207
858.324	357.454
858.632	340.2207
858.941	354.0559
859.249	337.0653
859.557	334.274
859.866	340.9489
860.174	345.9247
860.482	338.1576
860.79	350.1723
861.098	332.3322
861.406	339.4925
861.714	341.313
862.022	342.8906
862.33	355.2695
862.638	350.051
862.946	356.8472
863.253	330.3905
863.561	336.5799
863.869	337.6721
864.176	342.5266
864.484	340.2207
864.791	355.3908
865.098	333.0604
865.406	339.8566
865.713	339.7353
866.02	337.7935
866.328	331.3613
866.635	331.7254
866.942	344.7111
867.249	336.8226
867.556	337.7935
867.863	349.2014
868.17	350.2937
868.476	364.3716
868.783	363.4007
869.09	367.891
869.397	378.3281
869.703	353.9345
870.01	357.0899
870.316	349.0801
870.623	339.4925
870.929	344.8324
871.236	336.3371
871.542	344.8324
871.848	336.0944
872.155	335.9731
872.461	342.2838
872.767	330.6332
873.073	333.6672
873.379	329.7836
873.685	332.8177
873.991	334.7595
874.297	340.9489
874.602	335.2449
874.908	318.9825
875.214	339.8566
875.52	332.3322
875.825	345.682
876.131	343.7402
876.436	337.5508
876.742	315.8271
877.047	336.944
877.352	319.2252
877.658	340.3421
877.963	322.3806
878.268	355.7549
878.573	339.2498
878.878	338.8857
879.183	321.167
879.488	340.0993
879.793	333.0604
880.098	330.1477
880.403	315.9485
880.708	339.6139
881.013	334.8808
881.317	333.1818
881.622	337.5508
881.926	337.4294
882.231	340.4634
882.535	340.4634
882.84	343.1334
883.144	339.1285
883.449	330.2691
883.753	314.0067
884.057	335.9731
884.361	336.8226
884.665	333.6672
884.969	339.3712
885.273	328.6914
885.577	340.7061
885.881	311.7008
886.185	346.1674
886.489	335.1235
886.793	326.1428
887.096	328.4487
887.4	341.677
887.703	330.8759
888.007	320.3175
888.31	318.7398
888.614	328.9341
888.917	328.0846
889.221	323.9583
889.524	327.2351
889.827	330.8759
890.13	341.1916
890.433	345.3179
890.736	339.978
891.04	323.9583
891.342	328.57
891.645	326.6283
891.948	339.1285
892.251	320.5602
892.554	326.871
892.857	329.7836
893.159	332.4536
893.462	324.8078
893.764	346.7742
894.067	329.0555
894.369	327.7205
894.672	326.7496
894.974	331.6041
895.276	321.7738
895.579	317.6475
895.881	329.6623
896.183	316.6766
896.485	335.0022
896.787	339.7353
897.089	329.4196
897.391	331.6041
897.693	329.2982
897.995	327.8419
898.296	347.5024
898.598	325.0506
898.9	336.5799
899.201	334.6381
899.503	329.1768
899.804	338.7644
900.106	340.8275
900.407	309.8804
900.709	340.2207
901.01	337.5508
901.311	335.4876
901.612	332.575
901.914	329.4196
902.215	324.5651
902.516	331.24
902.817	321.5311
903.118	344.7111
903.418	335.4876
903.719	322.1379
904.02	338.0362
904.321	327.1137
904.621	336.7012
904.922	322.1379
905.223	317.5262
905.523	343.8615
905.824	326.1428
906.124	330.7545
906.424	329.5409
906.725	328.4487
907.025	334.0313
907.325	345.3179
907.625	340.3421
907.925	310.4872
908.225	319.2252
908.525	316.798
908.825	343.8615
909.125	331.3613
909.425	340.3421
909.725	334.3954
910.025	340.5848
910.324	329.1768
910.624	343.2547
910.924	319.468
911.223	321.0456
911.523	326.0215
911.822	317.0407
912.121	331.8468
912.421	329.6623
912.72	322.6233
913.019	322.502
913.318	351.9927
913.617	413.6442
913.916	506
914.215	564.9815
914.514	615.225
914.813	579.9089
915.112	499.4465
915.411	462.9168
915.71	466.679
916.008	451.3875
916.307	406.4839
916.606	373.9591
916.904	368.3765
917.203	351.2646
917.501	338.2789
917.799	321.6525
918.098	326.871
918.396	334.1526
918.694	322.3806
918.992	334.8808
919.29	332.4536
919.588	326.7496
919.886	307.9386
920.184	331.4827
920.482	326.871
920.78	328.6914
921.078	336.7012
921.376	323.3515
921.673	328.8128
921.971	331.3613
922.269	340.0993
922.566	331.24
922.864	333.7886
923.161	337.0653
923.458	340.4634
923.756	350.051
924.053	350.415
924.35	374.0805
924.647	384.5175
924.944	369.8328
925.241	370.3183
925.538	368.6192
925.835	347.7451
926.132	347.0169
926.429	364.4929
926.726	346.2888
927.023	330.6332
927.319	345.4392
927.616	317.2835
927.913	343.2547
928.209	328.6914
928.506	341.4343
928.802	329.2982
929.098	326.1428
929.395	330.5118
929.691	324.5651
929.987	328.0846
930.283	321.2884
930.579	340.2207
930.875	331.8468
931.171	322.0165
931.467	322.2593
931.763	330.3905
932.059	335.4876
932.355	324.4438
932.651	334.6381
932.946	322.502
933.242	340.9489
933.537	339.6139
933.833	334.274
934.128	332.3322
934.424	335.1235
934.719	330.5118
935.014	334.0313
935.31	326.0215
935.605	320.4388
935.9	326.871
936.195	318.7398
936.49	337.308
936.785	321.7738
937.08	328.9341
937.375	320.6816
937.67	332.6963
937.965	329.7836
938.259	324.6865
938.554	327.2351
938.849	303.3269
939.143	311.4581
939.438	340.8275
939.732	329.2982
940.027	321.8952
940.321	319.7107
940.615	322.3806
940.91	335.2449
941.204	331.8468
941.498	330.9973
941.792	318.4971
942.086	303.9337
942.38	313.6426
942.674	323.2301
942.968	333.0604
943.262	326.871
943.555	323.7156
943.849	321.167
944.143	327.8419
944.436	313.1572
944.73	328.206
945.023	326.0215
945.317	314.0067
945.61	326.0215
945.904	317.1621
946.197	324.201
946.49	329.2982
946.783	332.6963
947.076	340.0993
947.369	331.9681
947.662	324.201
947.955	329.4196
948.248	316.1912
948.541	342.8906
948.834	336.2158
949.127	332.575
949.42	315.7058
949.712	323.3515
950.005	318.133
950.297	320.8029
950.59	323.7156
950.882	320.4388
951.175	317.1621
951.467	322.8661
951.759	326.7496
952.051	327.5991
952.344	331.1186
952.636	321.0456
952.928	323.1088
953.22	312.5504
953.512	306.1182
953.804	323.7156
954.095	332.2109
954.387	327.5991
954.679	317.8903
954.971	317.4048
955.262	314.2494
955.554	316.3126
955.845	314.7349
956.137	321.7738
956.428	329.4196
956.72	325.1719
957.011	326.0215
957.302	331.6041
957.593	334.6381
957.885	321.8952
958.176	310.3659
958.467	314.9776
958.758	317.4048
959.049	337.6721
959.34	323.3515
959.63	326.9923
959.921	317.2835
960.212	325.2933
960.503	327.8419
960.793	328.9341
961.084	310.6086
961.374	322.502
961.665	323.7156
961.955	319.2252
962.245	302.356
962.536	316.9194
962.826	310.6086
963.116	334.1526
963.406	324.0797
963.696	324.4438
963.986	328.8128
964.276	309.395
964.566	311.7008
964.856	311.3368
965.146	307.5746
965.436	337.1867
965.725	312.429
966.015	337.4294
966.305	336.3371
966.594	323.9583
966.884	322.8661
967.173	330.7545
967.463	325.0506
967.752	338.0362
968.041	328.206
968.33	322.1379
968.62	329.0555
968.909	338.5216
969.198	349.8082
969.487	343.8615
969.776	327.9632
970.065	336.8226
970.353	328.0846
970.642	325.7787
970.931	321.6525
971.22	326.3855
971.508	325.7787
971.797	319.5893
972.085	319.2252
972.374	331.9681
972.662	330.8759
972.951	303.691
973.239	325.4146
973.527	340.2207
973.815	313.8853
974.103	320.4388
974.392	319.7107
974.68	324.201
974.968	323.2301
975.255	327.2351
975.543	325.6574
975.831	321.7738
976.119	318.7398
976.407	328.206
976.694	331.9681
976.982	326.6283
977.269	321.167
977.557	310.1231
977.844	321.0456
978.132	332.3322
978.419	318.9825
978.706	328.206
978.994	321.167
979.281	311.8222
979.568	343.3761
979.855	328.206
980.142	325.1719
980.429	322.1379
980.716	320.1961
981.003	321.6525
981.289	325.536
981.576	312.7931
981.863	332.939
982.149	329.0555
982.436	325.9001
982.723	317.5262
983.009	323.4729
983.295	321.167
983.582	325.6574
983.868	316.9194
984.154	331.9681
984.441	324.6865
984.727	327.9632
985.013	313.1572
985.299	317.4048
985.585	318.0116
985.871	318.4971
986.157	331.24
986.442	324.4438
986.728	313.6426
987.014	321.0456
987.299	327.7205
987.585	325.6574
987.871	320.6816
988.156	332.575
988.442	324.8078
988.727	307.6959
989.012	326.2642
989.298	312.5504
989.583	334.0313
989.868	322.6233
990.153	317.8903
990.438	337.1867
990.723	318.133
991.008	311.9436
991.293	313.6426
991.578	319.3466
991.863	303.0842
992.147	317.4048
992.432	319.1039
992.717	318.2543
993.001	329.2982
993.286	307.4532
993.57	336.2158
993.854	328.206
994.139	321.6525
994.423	317.1621
994.707	324.8078
994.991	333.5458
995.276	319.832
995.56	318.0116
995.844	322.8661
996.128	316.9194
996.412	323.4729
996.695	317.8903
996.979	327.2351
997.263	324.5651
997.547	328.57
997.83	307.9386
998.114	319.9534
998.397	322.1379
998.681	317.4048
998.964	319.9534
999.248	298.9579
999.531	321.2884
999.814	307.2105
1000.097	315.5844
1000.381	313.8853
1000.664	307.5746
1000.947	308.9095
1001.23	322.502
1001.513	320.3175
1001.795	330.0264
1002.078	317.1621
1002.361	321.2884
1002.644	333.7886
1002.926	305.1473
1003.209	318.9825
1003.492	313.6426
1003.774	305.5114
1004.057	314.3708
1004.339	329.2982
1004.621	325.2933
1004.903	316.4339
1005.186	314.2494
1005.468	307.8173
1005.75	322.2593
1006.032	331.8468
1006.314	323.837
1006.596	321.167
1006.878	320.9243
1007.16	328.6914
1007.441	308.7882
1007.723	309.5163
1008.005	308.6668
1008.286	328.3273
1008.568	330.5118
1008.849	321.8952
1009.131	306.8464
1009.412	318.2543
1009.694	305.9969
1009.975	307.0891
1010.256	317.6475
1010.537	330.3905
1010.818	337.6721
1011.1	309.0309
1011.381	329.2982
1011.662	333.4245
1011.942	322.502
1012.223	317.7689
1012.504	305.2687
1012.785	316.3126
1013.065	325.9001
1013.346	318.6184
1013.627	307.6959
1013.907	321.7738
1014.188	317.5262
1014.468	329.6623
1014.748	314.1281
1015.029	318.7398
1015.309	308.7882
1015.589	313.1572
1015.869	325.2933
1016.149	316.9194
1016.429	318.0116
1016.709	306.8464
1016.989	318.133
1017.269	309.5163
1017.549	309.5163
1017.829	309.5163
