297.849	-40.874
297.92	-40.874
297.991	-40.874
298.062	-40.874
298.133	-7.0826
298.204	-5.0346
298.275	35.9248
298.346	4.1813
298.417	26.7089
298.488	7.2532
298.559	-55.2098
298.63	49.2366
298.701	-31.6582
298.772	0.0853
298.843	-30.6342
298.914	-30.6342
298.985	29.7809
299.056	13.3971
299.127	-26.5383
299.198	23.637
299.268	34.9008
299.339	48.2126
299.41	29.7809
299.481	-22.4423
299.552	-12.2025
299.623	-8.1065
299.694	-18.3464
299.765	-5.0346
299.836	35.9248
299.907	40.0207
299.977	27.7329
300.048	-42.922
300.119	-26.5383
300.19	18.5171
300.261	57.4285
300.332	-14.2504
300.402	-18.3464
300.473	1.1093
300.544	21.589
300.615	35.9248
300.686	-57.2578
300.756	-30.6342
300.827	17.4931
300.898	-29.6102
300.969	-6.0586
301.04	-24.4903
301.11	-15.2744
301.181	27.7329
301.252	90.196
301.323	33.8768
301.393	33.8768
301.464	-0.9387
301.535	30.8049
301.606	52.3085
301.676	25.6849
301.747	1.1093
301.818	-18.3464
301.888	16.4691
301.959	20.565
302.03	44.1167
302.1	-19.3704
302.171	11.3492
302.242	-23.4663
302.312	11.3492
302.383	-57.2578
302.454	-17.3224
302.524	-61.3537
302.595	44.1167
302.666	51.2846
302.736	25.6849
302.807	61.5244
302.878	47.1886
302.948	102.4838
303.019	74.8362
303.089	83.0281
303.16	88.148
303.231	-20.3944
303.301	46.1646
303.372	17.4931
303.442	76.8842
303.513	-9.1305
303.583	1.1093
303.654	31.8288
303.724	13.3971
303.795	4.1813
303.866	4.1813
303.936	74.8362
304.007	77.9081
304.077	-54.1858
304.148	37.9728
304.218	-19.3704
304.289	17.4931
304.359	-58.2818
304.43	-8.1065
304.5	68.6923
304.57	-2.9866
304.641	33.8768
304.711	-30.6342
304.782	35.9248
304.852	-12.2025
304.923	19.541
304.993	9.3012
305.064	18.5171
305.134	-1.9626
305.204	49.2366
305.275	-12.2025
305.345	-50.0899
305.416	9.3012
305.486	-40.874
305.556	49.2366
305.627	-11.1785
305.697	-26.5383
305.768	-13.2265
305.838	32.8528
305.908	4.1813
305.979	15.4451
306.049	94.2919
306.119	-12.2025
306.19	-21.4183
306.26	60.5004
306.33	0.0853
306.401	-2.9866
306.471	31.8288
306.541	-20.3944
306.611	10.3252
306.682	-29.6102
306.752	29.7809
306.822	18.5171
306.893	-9.1305
306.963	33.8768
307.033	-44.97
307.103	-5.0346
307.174	45.1406
307.244	-51.1139
307.314	7.2532
307.384	15.4451
307.455	10.3252
307.525	-28.5862
307.595	8.2772
307.665	24.661
307.735	-22.4423
307.806	58.4524
307.876	-24.4903
307.946	-8.1065
308.016	-16.2984
308.086	28.7569
308.156	-0.9387
308.227	24.661
308.297	-29.6102
308.367	24.661
308.437	24.661
308.507	12.3731
308.577	10.3252
308.647	14.4211
308.717	46.1646
308.788	18.5171
308.858	4.1813
308.928	27.7329
308.998	36.9488
309.068	7.2532
309.138	-5.0346
309.208	-18.3464
309.278	-1.9626
309.348	42.0687
309.418	-8.1065
309.488	14.4211
309.558	-7.0826
309.628	4.1813
309.698	9.3012
309.768	36.9488
309.838	3.1573
309.908	-7.0826
309.978	-4.0106
310.048	35.9248
310.118	-6.0586
310.188	-22.4423
310.258	29.7809
310.328	61.5244
310.398	43.0927
310.468	16.4691
310.538	-6.0586
310.608	31.8288
310.678	16.4691
310.748	38.9967
310.818	3.1573
310.888	10.3252
310.958	-1.9626
311.028	-20.3944
311.098	-49.0659
311.168	-20.3944
311.237	27.7329
311.307	1.1093
311.377	19.541
311.447	61.5244
311.517	45.1406
311.587	-12.2025
311.657	-39.8501
311.727	14.4211
311.796	16.4691
311.866	30.8049
311.936	4.1813
312.006	27.7329
312.076	26.7089
312.146	27.7329
312.215	-24.4903
312.285	8.2772
312.355	30.8049
312.425	51.2846
312.495	16.4691
312.564	9.3012
312.634	10.3252
312.704	22.613
312.774	-48.0419
312.843	62.5484
312.913	31.8288
312.983	76.8842
313.053	-64.4257
313.122	126.0354
313.192	177.2346
313.262	616.5239
313.331	1114.1803
313.401	1266.754
313.471	1288.2577
313.541	1168.4515
313.61	778.3135
313.68	269.3932
313.75	148.5631
313.819	493.6458
313.889	1264.706
313.959	1910.8402
314.028	2007.0947
314.098	1979.4471
314.168	1638.4603
314.237	878.6639
314.307	221.266
314.376	109.6517
314.446	62.5484
314.516	16.4691
314.585	-16.2984
314.655	-20.3944
314.724	8.2772
314.794	29.7809
314.864	42.0687
314.933	2.1333
315.003	-20.3944
315.072	44.1167
315.142	-2.9866
315.211	40.0207
315.281	57.4285
315.351	55.3805
315.42	2.1333
315.49	-2.9866
315.559	2.1333
315.629	32.8528
315.698	14.4211
315.768	88.148
315.837	9.3012
315.907	3.1573
315.976	66.6443
316.046	-24.4903
316.115	-25.5143
316.185	-15.2744
316.254	-12.2025
316.323	25.6849
316.393	17.4931
316.462	30.8049
316.532	-7.0826
316.601	-4.0106
316.671	46.1646
316.74	44.1167
316.809	-62.3777
316.879	1.1093
316.948	7.2532
317.018	-11.1785
317.087	16.4691
317.156	-26.5383
317.226	46.1646
317.295	-16.2984
317.364	-25.5143
317.434	-21.4183
317.503	3.1573
317.573	3.1573
317.642	-44.97
317.711	18.5171
317.781	32.8528
317.85	-40.874
317.919	51.2846
317.988	-1.9626
318.058	24.661
318.127	11.3492
318.196	19.541
318.266	24.661
318.335	1.1093
318.404	0.0853
318.473	-18.3464
318.543	14.4211
318.612	-21.4183
318.681	-80.8094
318.75	2.1333
318.82	45.1406
318.889	-27.5622
318.958	67.6683
319.027	-62.3777
319.097	32.8528
319.166	52.3085
319.235	-37.8021
319.304	66.6443
319.373	4.1813
319.443	-4.0106
319.512	6.2292
319.581	24.661
319.65	-9.1305
319.719	-11.1785
319.788	32.8528
319.857	16.4691
319.927	-29.6102
319.996	-1.9626
320.065	-17.3224
320.134	-9.1305
320.203	46.1646
320.272	36.9488
320.341	17.4931
320.41	2.1333
320.479	20.565
320.549	1.1093
320.618	-19.3704
320.687	13.3971
320.756	-10.1545
320.825	17.4931
320.894	-7.0826
320.963	-21.4183
321.032	1.1093
321.101	0.0853
321.17	-13.2265
321.239	-7.0826
321.308	36.9488
321.377	9.3012
321.446	10.3252
321.515	-6.0586
321.584	17.4931
321.653	6.2292
321.722	35.9248
321.791	33.8768
321.86	-16.2984
321.929	-7.0826
321.998	32.8528
322.067	69.7163
322.136	42.0687
322.205	31.8288
322.274	33.8768
322.343	2.1333
322.412	-1.9626
322.48	-45.994
322.549	6.2292
322.618	-11.1785
322.687	-55.2098
322.756	75.8602
322.825	45.1406
322.894	20.565
322.963	60.5004
323.032	10.3252
323.1	61.5244
323.169	-32.6822
323.238	15.4451
323.307	8.2772
323.376	-1.9626
323.445	49.2366
323.513	25.6849
323.582	8.2772
323.651	8.2772
323.72	23.637
323.789	-31.6582
323.857	-2.9866
323.926	11.3492
323.995	-22.4423
324.064	-61.3537
324.133	-7.0826
324.201	-5.0346
324.27	-36.7781
324.339	17.4931
324.408	18.5171
324.476	23.637
324.545	-18.3464
324.614	49.2366
324.682	-23.4663
324.751	68.6923
324.82	0.0853
324.889	18.5171
324.957	25.6849
325.026	33.8768
325.095	2.1333
325.163	20.565
325.232	-1.9626
325.301	-13.2265
325.369	-15.2744
325.438	38.9967
325.507	52.3085
325.575	-15.2744
325.644	47.1886
325.713	29.7809
325.781	8.2772
325.85	10.3252
325.918	13.3971
325.987	56.4045
326.056	-72.6176
326.124	2.1333
326.193	6.2292
326.261	19.541
326.33	57.4285
326.399	-15.2744
326.467	-42.922
326.536	17.4931
326.604	-8.1065
326.673	35.9248
326.741	56.4045
326.81	-29.6102
326.878	31.8288
326.947	-12.2025
327.015	14.4211
327.084	8.2772
327.152	-12.2025
327.221	-16.2984
327.289	-60.3297
327.358	12.3731
327.426	-16.2984
327.495	23.637
327.563	37.9728
327.632	-39.8501
327.7	29.7809
327.769	-47.0179
327.837	51.2846
327.905	7.2532
327.974	-48.0419
328.042	48.2126
328.111	-56.2338
328.179	66.6443
328.248	34.9008
328.316	35.9248
328.384	53.3325
328.453	-27.5622
328.521	68.6923
328.59	44.1167
328.658	16.4691
328.726	22.613
328.795	-60.3297
328.863	28.7569
328.931	-4.0106
329	18.5171
329.068	-25.5143
329.136	42.0687
329.205	6.2292
329.273	11.3492
329.341	68.6923
329.41	-16.2984
329.478	48.2126
329.546	5.2053
329.614	-22.4423
329.683	20.565
329.751	46.1646
329.819	30.8049
329.887	-2.9866
329.956	-9.1305
330.024	-22.4423
330.092	15.4451
330.16	17.4931
330.229	-31.6582
330.297	-12.2025
330.365	-4.0106
330.433	22.613
330.502	40.0207
330.57	7.2532
330.638	31.8288
330.706	16.4691
330.774	2.1333
330.842	6.2292
330.911	-6.0586
330.979	30.8049
331.047	30.8049
331.115	-34.7301
331.183	23.637
331.251	0.0853
331.32	-16.2984
331.388	42.0687
331.456	10.3252
331.524	-20.3944
331.592	34.9008
331.66	-10.1545
331.728	37.9728
331.796	42.0687
331.864	42.0687
331.932	5.2053
332.001	1.1093
332.069	-29.6102
332.137	27.7329
332.205	19.541
332.273	56.4045
332.341	-2.9866
332.409	2.1333
332.477	-20.3944
332.545	32.8528
332.613	-20.3944
332.681	64.5963
332.749	63.5724
332.817	18.5171
332.885	10.3252
332.953	38.9967
333.021	-24.4903
333.089	40.0207
333.157	-32.6822
333.225	11.3492
333.293	-9.1305
333.361	40.0207
333.429	-49.0659
333.497	10.3252
333.565	10.3252
333.632	10.3252
333.7	-16.2984
333.768	34.9008
333.836	53.3325
333.904	11.3492
333.972	-0.9387
334.04	25.6849
334.108	38.9967
334.176	19.541
334.244	71.7642
334.311	14.4211
334.379	-2.9866
334.447	32.8528
334.515	26.7089
334.583	54.3565
334.651	18.5171
334.718	33.8768
334.786	10.3252
334.854	240.7217
334.922	388.1754
334.99	519.2454
335.058	635.9796
335.125	583.7564
335.193	469.0702
335.261	286.801
335.329	96.3399
335.396	66.6443
335.464	15.4451
335.532	-21.4183
335.6	7.2532
335.667	-4.0106
335.735	23.637
335.803	57.4285
335.871	2.1333
335.938	-22.4423
336.006	-4.0106
336.074	18.5171
336.142	-42.922
336.209	19.541
336.277	-19.3704
336.345	78.9321
336.412	28.7569
336.48	3.1573
336.548	-6.0586
336.615	50.2606
336.683	33.8768
336.751	19.541
336.818	0.0853
336.886	52.3085
336.953	58.4524
337.021	7.2532
337.089	-30.6342
337.156	15.4451
337.224	51.2846
337.292	68.6923
337.359	-22.4423
337.427	1.1093
337.494	0.0853
337.562	49.2366
337.629	36.9488
337.697	17.4931
337.765	42.0687
337.832	40.0207
337.9	-23.4663
337.967	-6.0586
338.035	31.8288
338.102	89.172
338.17	4.1813
338.237	29.7809
338.305	48.2126
338.372	53.3325
338.44	-34.7301
338.507	17.4931
338.575	-2.9866
338.642	-12.2025
338.71	11.3492
338.777	13.3971
338.845	5.2053
338.912	-23.4663
338.98	-19.3704
339.047	34.9008
339.114	21.589
339.182	52.3085
339.249	11.3492
339.317	-21.4183
339.384	-28.5862
339.452	35.9248
339.519	-8.1065
339.586	-8.1065
339.654	71.7642
339.721	-16.2984
339.788	32.8528
339.856	41.0447
339.923	-13.2265
339.991	-18.3464
340.058	-13.2265
340.125	10.3252
340.193	-14.2504
340.26	20.565
340.327	-29.6102
340.395	34.9008
340.462	-14.2504
340.529	21.589
340.597	18.5171
340.664	22.613
340.731	19.541
340.798	32.8528
340.866	-0.9387
340.933	38.9967
341	48.2126
341.067	16.4691
341.135	15.4451
341.202	16.4691
341.269	-4.0106
341.336	30.8049
341.404	-7.0826
341.471	14.4211
341.538	35.9248
341.605	-13.2265
341.673	-4.0106
341.74	-13.2265
341.807	7.2532
341.874	8.2772
341.941	2.1333
342.008	-6.0586
342.076	24.661
342.143	0.0853
342.21	-20.3944
342.277	6.2292
342.344	-27.5622
342.411	35.9248
342.479	5.2053
342.546	17.4931
342.613	-13.2265
342.68	42.0687
342.747	49.2366
342.814	60.5004
342.881	-5.0346
342.948	-26.5383
343.015	-45.994
343.082	22.613
343.15	-18.3464
343.217	4.1813
343.284	28.7569
343.351	28.7569
343.418	101.4598
343.485	13.3971
343.552	-8.1065
343.619	51.2846
343.686	38.9967
343.753	-34.7301
343.82	44.1167
343.887	17.4931
343.954	27.7329
344.021	2.1333
344.088	51.2846
344.155	-28.5862
344.222	-68.5216
344.289	28.7569
344.356	30.8049
344.423	6.2292
344.49	-34.7301
344.557	5.2053
344.624	-32.6822
344.691	56.4045
344.757	-18.3464
344.824	-30.6342
344.891	35.9248
344.958	5.2053
345.025	-4.0106
345.092	13.3971
345.159	21.589
345.226	18.5171
345.293	42.0687
345.36	-39.8501
345.426	3.1573
345.493	-0.9387
345.56	21.589
345.627	27.7329
345.694	-11.1785
345.761	26.7089
345.828	-10.1545
345.894	37.9728
345.961	14.4211
346.028	-5.0346
346.095	2.1333
346.162	19.541
346.228	3.1573
346.295	-1.9626
346.362	12.3731
346.429	60.5004
346.496	10.3252
346.562	10.3252
346.629	-1.9626
346.696	-6.0586
346.763	-57.2578
346.829	-36.7781
346.896	25.6849
346.963	12.3731
347.029	8.2772
347.096	2.1333
347.163	18.5171
347.23	42.0687
347.296	37.9728
347.363	8.2772
347.43	-16.2984
347.496	33.8768
347.563	31.8288
347.63	23.637
347.696	36.9488
347.763	-4.0106
347.83	31.8288
347.896	67.6683
347.963	-28.5862
348.03	-1.9626
348.096	-13.2265
348.163	28.7569
348.229	14.4211
348.296	-42.922
348.363	54.3565
348.429	-36.7781
348.496	0.0853
348.562	29.7809
348.629	10.3252
348.696	37.9728
348.762	1.1093
348.829	10.3252
348.895	-23.4663
348.962	-16.2984
349.028	7.2532
349.095	-17.3224
349.161	-19.3704
349.228	9.3012
349.294	43.0927
349.361	2.1333
349.427	-8.1065
349.494	37.9728
349.56	-17.3224
349.627	-20.3944
349.693	8.2772
349.76	-21.4183
349.826	-2.9866
349.893	47.1886
349.959	47.1886
350.026	-12.2025
350.092	26.7089
350.159	70.7403
350.225	2.1333
350.291	4.1813
350.358	-16.2984
350.424	-19.3704
350.491	33.8768
350.557	8.2772
350.623	-23.4663
350.69	57.4285
350.756	64.5963
350.823	58.4524
350.889	52.3085
350.955	42.0687
351.022	-21.4183
351.088	24.661
351.154	-52.1379
351.221	8.2772
351.287	25.6849
351.353	88.148
351.42	-5.0346
351.486	25.6849
351.552	12.3731
351.619	1.1093
351.685	2.1333
351.751	2.1333
351.818	46.1646
351.884	-7.0826
351.95	-58.2818
352.016	-53.1619
352.083	34.9008
352.149	3.1573
352.215	-35.7541
352.281	34.9008
352.348	42.0687
352.414	41.0447
352.48	20.565
352.546	33.8768
352.613	-10.1545
352.679	27.7329
352.745	-45.994
352.811	-19.3704
352.877	-13.2265
352.943	16.4691
353.01	14.4211
353.076	-10.1545
353.142	91.2199
353.208	63.5724
353.274	6.2292
353.34	99.4118
353.407	23.637
353.473	72.7882
353.539	29.7809
353.605	36.9488
353.671	15.4451
353.737	-4.0106
353.803	22.613
353.869	3.1573
353.936	10.3252
354.002	12.3731
354.068	-6.0586
354.134	17.4931
354.2	-4.0106
354.266	-31.6582
354.332	16.4691
354.398	35.9248
354.464	3.1573
354.53	-19.3704
354.596	50.2606
354.662	41.0447
354.728	28.7569
354.794	24.661
354.86	-19.3704
354.926	-9.1305
354.992	32.8528
355.058	19.541
355.124	6.2292
355.19	25.6849
355.256	38.9967
355.322	12.3731
355.388	34.9008
355.454	22.613
355.52	1.1093
355.586	44.1167
355.652	53.3325
355.718	3.1573
355.784	29.7809
355.85	-27.5622
355.915	-20.3944
355.981	17.4931
356.047	43.0927
356.113	35.9248
356.179	23.637
356.245	50.2606
356.311	9.3012
356.377	21.589
356.443	-32.6822
356.508	34.9008
356.574	-25.5143
356.64	-2.9866
356.706	17.4931
356.772	-6.0586
356.838	7.2532
356.903	-28.5862
356.969	-43.946
357.035	-7.0826
357.101	30.8049
357.167	26.7089
357.232	63.5724
357.298	27.7329
357.364	46.1646
357.43	-1.9626
357.496	-5.0346
357.561	9.3012
357.627	16.4691
357.693	72.7882
357.759	65.6203
357.824	24.661
357.89	-2.9866
357.956	15.4451
358.021	-6.0586
358.087	13.3971
358.153	15.4451
358.219	31.8288
358.284	96.3399
358.35	-43.946
358.416	33.8768
358.481	26.7089
358.547	-6.0586
358.613	27.7329
358.678	31.8288
358.744	27.7329
358.81	-5.0346
358.875	24.661
358.941	51.2846
359.006	10.3252
359.072	10.3252
359.138	63.5724
359.203	40.0207
359.269	4.1813
359.335	-47.0179
359.4	-2.9866
359.466	47.1886
359.531	24.661
359.597	8.2772
359.662	33.8768
359.728	27.7329
359.794	100.4358
359.859	-20.3944
359.925	-4.0106
359.99	25.6849
360.056	4.1813
360.121	21.589
360.187	7.2532
360.252	2.1333
360.318	58.4524
360.383	15.4451
360.449	40.0207
360.514	55.3805
360.58	32.8528
360.645	27.7329
360.711	47.1886
360.776	45.1406
360.842	18.5171
360.907	-10.1545
360.972	63.5724
361.038	42.0687
361.103	46.1646
361.169	56.4045
361.234	18.5171
361.3	-0.9387
361.365	7.2532
361.43	15.4451
361.496	-12.2025
361.561	25.6849
361.627	69.7163
361.692	26.7089
361.757	-34.7301
361.823	28.7569
361.888	105.5557
361.953	13.3971
362.019	-29.6102
362.084	32.8528
362.149	57.4285
362.215	-28.5862
362.28	119.8915
362.345	36.9488
362.411	18.5171
362.476	27.7329
362.541	17.4931
362.607	66.6443
362.672	48.2126
362.737	-1.9626
362.802	82.0041
362.868	50.2606
362.933	68.6923
362.998	30.8049
363.063	111.6996
363.129	92.2439
363.194	87.124
363.259	8.2772
363.324	83.0281
363.39	50.2606
363.455	76.8842
363.52	134.2273
363.585	89.172
363.65	58.4524
363.716	70.7403
363.781	53.3325
363.846	116.8196
363.911	24.661
363.976	48.2126
364.042	13.3971
364.107	61.5244
364.172	19.541
364.237	66.6443
364.302	59.4764
364.367	58.4524
364.432	38.9967
364.497	67.6683
364.563	95.3159
364.628	76.8842
364.693	109.6517
364.758	101.4598
364.823	57.4285
364.888	83.0281
364.953	100.4358
365.018	165.9708
365.083	114.7716
365.148	159.8269
365.213	154.707
365.278	203.8582
365.343	257.1054
365.408	351.312
365.474	441.4226
365.539	745.546
365.604	1632.3164
365.669	5699.5824
365.734	14817.1392
365.799	21798.6647
365.864	27060.9204
365.929	28491.4266
365.994	27836.0766
366.058	21115.6671
366.123	14064.5107
366.188	11610.0202
366.253	9116.6182
366.318	7612.3852
366.383	7295.974
366.448	6764.5261
366.513	5270.5329
366.578	3356.7061
366.643	2188.3399
366.708	1442.8793
366.773	853.0643
366.838	544.845
366.903	573.5166
366.967	1016.9018
367.032	2264.1148
367.097	3447.8407
367.162	4040.7277
367.227	4343.8271
367.292	4148.246
367.357	3315.7467
367.422	2068.5338
367.486	1445.9513
367.551	844.8724
367.616	505.9336
367.681	264.2733
367.746	197.7143
367.81	175.1867
367.875	210.0021
367.94	70.7403
368.005	148.5631
368.07	130.1313
368.134	67.6683
368.199	78.9321
368.264	62.5484
368.329	95.3159
368.393	73.8122
368.458	76.8842
368.523	35.9248
368.588	74.8362
368.652	54.3565
368.717	79.9561
368.782	45.1406
368.847	18.5171
368.911	78.9321
368.976	33.8768
369.041	43.0927
369.105	26.7089
369.17	88.148
369.235	29.7809
369.299	93.2679
369.364	4.1813
369.429	36.9488
369.493	14.4211
369.558	-0.9387
369.623	10.3252
369.687	38.9967
369.752	-17.3224
369.817	58.4524
369.881	69.7163
369.946	26.7089
370.01	42.0687
370.075	43.0927
370.14	31.8288
370.204	42.0687
370.269	-15.2744
370.333	54.3565
370.398	46.1646
370.462	49.2366
370.527	42.0687
370.592	42.0687
370.656	58.4524
370.721	3.1573
370.785	55.3805
370.85	15.4451
370.914	29.7809
370.979	56.4045
371.043	10.3252
371.108	12.3731
371.172	24.661
371.237	17.4931
371.301	63.5724
371.366	46.1646
371.43	41.0447
371.495	75.8602
371.559	99.4118
371.623	49.2366
371.688	27.7329
371.752	38.9967
371.817	10.3252
371.881	21.589
371.946	36.9488
372.01	100.4358
372.074	87.124
372.139	36.9488
372.203	54.3565
372.268	34.9008
372.332	32.8528
372.396	68.6923
372.461	29.7809
372.525	46.1646
372.59	44.1167
372.654	11.3492
372.718	34.9008
372.783	-15.2744
372.847	5.2053
372.911	4.1813
372.976	34.9008
373.04	32.8528
373.104	40.0207
373.169	89.172
373.233	47.1886
373.297	51.2846
373.361	63.5724
373.426	28.7569
373.49	26.7089
373.554	4.1813
373.619	37.9728
373.683	44.1167
373.747	32.8528
373.811	77.9081
373.875	27.7329
373.94	-41.898
374.004	2.1333
374.068	51.2846
374.132	-11.1785
374.197	47.1886
374.261	18.5171
374.325	14.4211
374.389	50.2606
374.453	-11.1785
374.518	31.8288
374.582	11.3492
374.646	43.0927
374.71	37.9728
374.774	9.3012
374.838	51.2846
374.903	41.0447
374.967	51.2846
375.031	42.0687
375.095	64.5963
375.159	45.1406
375.223	27.7329
375.287	86.1
375.351	56.4045
375.415	-10.1545
375.48	46.1646
375.544	10.3252
375.608	49.2366
375.672	20.565
375.736	54.3565
375.8	52.3085
375.864	19.541
375.928	48.2126
375.992	24.661
376.056	-7.0826
376.12	51.2846
376.184	36.9488
376.248	16.4691
376.312	27.7329
376.376	33.8768
376.44	17.4931
376.504	33.8768
376.568	-14.2504
376.632	16.4691
376.696	23.637
376.76	13.3971
376.824	46.1646
376.888	58.4524
376.952	5.2053
377.016	-1.9626
377.08	-15.2744
377.144	44.1167
377.208	42.0687
377.272	44.1167
377.335	34.9008
377.399	-56.2338
377.463	65.6203
377.527	42.0687
377.591	57.4285
377.655	107.6037
377.719	-19.3704
377.783	7.2532
377.847	-15.2744
377.91	12.3731
377.974	-29.6102
378.038	23.637
378.102	4.1813
378.166	-17.3224
378.23	-17.3224
378.293	8.2772
378.357	22.613
378.421	33.8768
378.485	16.4691
378.549	36.9488
378.612	-31.6582
378.676	-10.1545
378.74	25.6849
378.804	36.9488
378.868	95.3159
378.931	76.8842
378.995	-19.3704
379.059	60.5004
379.123	4.1813
379.186	23.637
379.25	-10.1545
379.314	48.2126
379.378	-38.8261
379.441	45.1406
379.505	20.565
379.569	-14.2504
379.632	8.2772
379.696	41.0447
379.76	60.5004
379.823	67.6683
379.887	49.2366
379.951	92.2439
380.014	32.8528
380.078	-1.9626
380.142	15.4451
380.205	-7.0826
380.269	-9.1305
380.333	34.9008
380.396	33.8768
380.46	-24.4903
380.523	23.637
380.587	0.0853
380.651	11.3492
380.714	-5.0346
380.778	48.2126
380.841	-1.9626
380.905	3.1573
380.969	-4.0106
381.032	-28.5862
381.096	-4.0106
381.159	-0.9387
381.223	63.5724
381.286	49.2366
381.35	1.1093
381.413	14.4211
381.477	10.3252
381.54	9.3012
381.604	21.589
381.667	-43.946
381.731	-19.3704
381.794	26.7089
381.858	46.1646
381.921	54.3565
381.985	11.3492
382.048	5.2053
382.112	18.5171
382.175	-2.9866
382.239	33.8768
382.302	8.2772
382.365	52.3085
382.429	-30.6342
382.492	-0.9387
382.556	-13.2265
382.619	-22.4423
382.683	-12.2025
382.746	12.3731
382.809	24.661
382.873	43.0927
382.936	65.6203
383	85.076
383.063	58.4524
383.126	-8.1065
383.19	-23.4663
383.253	22.613
383.316	18.5171
383.38	44.1167
383.443	-20.3944
383.506	78.9321
383.57	-22.4423
383.633	47.1886
383.696	22.613
383.76	28.7569
383.823	58.4524
383.886	-5.0346
383.949	-34.7301
384.013	-65.4497
384.076	-11.1785
384.139	5.2053
384.202	34.9008
384.266	-10.1545
384.329	-24.4903
384.392	56.4045
384.455	27.7329
384.519	41.0447
384.582	20.565
384.645	33.8768
384.708	30.8049
384.772	34.9008
384.835	-10.1545
384.898	-23.4663
384.961	-7.0826
385.024	38.9967
385.087	17.4931
385.151	59.4764
385.214	-31.6582
385.277	3.1573
385.34	18.5171
385.403	78.9321
385.466	4.1813
385.53	42.0687
385.593	-14.2504
385.656	-19.3704
385.719	7.2532
385.782	15.4451
385.845	3.1573
385.908	-16.2984
385.971	25.6849
386.034	-16.2984
386.097	14.4211
386.161	-26.5383
386.224	-15.2744
386.287	42.0687
386.35	3.1573
386.413	16.4691
386.476	-24.4903
386.539	-56.2338
386.602	5.2053
386.665	6.2292
386.728	4.1813
386.791	14.4211
386.854	5.2053
386.917	-25.5143
386.98	-2.9866
387.043	40.0207
387.106	-14.2504
387.169	23.637
387.232	12.3731
387.295	-7.0826
387.358	2.1333
387.421	13.3971
387.484	22.613
387.547	17.4931
387.609	35.9248
387.672	-7.0826
387.735	15.4451
387.798	13.3971
387.861	1.1093
387.924	61.5244
387.987	-7.0826
388.05	-34.7301
388.113	-13.2265
388.176	54.3565
388.238	3.1573
388.301	33.8768
388.364	21.589
388.427	-8.1065
388.49	17.4931
388.553	6.2292
388.616	29.7809
388.678	19.541
388.741	21.589
388.804	-5.0346
388.867	-33.7062
388.93	-21.4183
388.992	-57.2578
389.055	52.3085
389.118	14.4211
389.181	-24.4903
389.244	18.5171
389.306	50.2606
389.369	45.1406
389.432	27.7329
389.495	13.3971
389.557	2.1333
389.62	37.9728
389.683	59.4764
389.746	22.613
389.808	-11.1785
389.871	10.3252
389.934	-37.8021
389.996	27.7329
390.059	20.565
390.122	60.5004
390.185	-12.2025
390.247	49.2366
390.31	-6.0586
390.373	37.9728
390.435	26.7089
390.498	-7.0826
390.561	-8.1065
390.623	35.9248
390.686	19.541
390.748	-12.2025
390.811	-0.9387
390.874	100.4358
390.936	34.9008
390.999	-18.3464
391.061	27.7329
391.124	28.7569
391.187	22.613
391.249	28.7569
391.312	52.3085
391.374	100.4358
391.437	100.4358
391.499	34.9008
391.562	66.6443
391.625	24.661
391.687	91.2199
391.75	-33.7062
391.812	22.613
391.875	-5.0346
391.937	21.589
392	-25.5143
392.062	16.4691
392.125	20.565
392.187	22.613
392.25	15.4451
392.312	10.3252
392.375	-2.9866
392.437	-41.898
392.5	10.3252
392.562	20.565
392.624	-15.2744
392.687	35.9248
392.749	0.0853
392.812	-22.4423
392.874	64.5963
392.937	-29.6102
392.999	14.4211
393.061	37.9728
393.124	12.3731
393.186	-6.0586
393.249	6.2292
393.311	-16.2984
393.373	19.541
393.436	-35.7541
393.498	-17.3224
393.56	31.8288
393.623	-27.5622
393.685	14.4211
393.748	25.6849
393.81	47.1886
393.872	-4.0106
393.935	-25.5143
393.997	-22.4423
394.059	-17.3224
394.121	49.2366
394.184	58.4524
394.246	51.2846
394.308	29.7809
394.371	12.3731
394.433	-47.0179
394.495	21.589
394.557	-8.1065
394.62	-29.6102
394.682	65.6203
394.744	9.3012
394.806	-33.7062
394.869	21.589
394.931	8.2772
394.993	24.661
395.055	7.2532
395.117	10.3252
395.18	54.3565
395.242	18.5171
395.304	-59.3058
395.366	24.661
395.428	-23.4663
395.491	15.4451
395.553	-21.4183
395.615	23.637
395.677	29.7809
395.739	62.5484
395.801	12.3731
395.863	16.4691
395.926	82.0041
395.988	29.7809
396.05	9.3012
396.112	27.7329
396.174	-4.0106
396.236	21.589
396.298	13.3971
396.36	7.2532
396.422	22.613
396.484	-18.3464
396.547	17.4931
396.609	33.8768
396.671	-53.1619
396.733	3.1573
396.795	15.4451
396.857	-11.1785
396.919	25.6849
396.981	22.613
397.043	-28.5862
397.105	43.0927
397.167	-2.9866
397.229	13.3971
397.291	-9.1305
397.353	23.637
397.415	50.2606
397.477	5.2053
397.539	25.6849
397.601	104.5317
397.663	28.7569
397.725	23.637
397.787	48.2126
397.849	-37.8021
397.91	20.565
397.972	40.0207
398.034	18.5171
398.096	20.565
398.158	12.3731
398.22	9.3012
398.282	14.4211
398.344	-23.4663
398.406	-13.2265
398.468	-41.898
398.529	48.2126
398.591	3.1573
398.653	-27.5622
398.715	-12.2025
398.777	53.3325
398.839	30.8049
398.901	32.8528
398.962	58.4524
399.024	117.8435
399.086	104.5317
399.148	195.6663
399.21	218.194
399.271	95.3159
399.333	172.1147
399.395	74.8362
399.457	36.9488
399.519	37.9728
399.58	3.1573
399.642	-1.9626
399.704	48.2126
399.766	69.7163
399.827	29.7809
399.889	-16.2984
399.951	38.9967
400.013	18.5171
400.074	17.4931
400.136	64.5963
400.198	-9.1305
400.259	0.0853
400.321	46.1646
400.383	25.6849
400.445	51.2846
400.506	45.1406
400.568	30.8049
400.63	23.637
400.691	-9.1305
400.753	-6.0586
400.815	9.3012
400.876	54.3565
400.938	2.1333
400.999	-38.8261
401.061	36.9488
401.123	46.1646
401.184	29.7809
401.246	46.1646
401.307	71.7642
401.369	80.9801
401.431	19.541
401.492	52.3085
401.554	66.6443
401.615	58.4524
401.677	-6.0586
401.739	-4.0106
401.8	30.8049
401.862	-0.9387
401.923	23.637
401.985	15.4451
402.046	70.7403
402.108	57.4285
402.169	51.2846
402.231	-18.3464
402.292	16.4691
402.354	70.7403
402.415	27.7329
402.477	-0.9387
402.538	33.8768
402.6	48.2126
402.661	3.1573
402.723	28.7569
402.784	102.4838
402.846	29.7809
402.907	6.2292
402.968	28.7569
403.03	-15.2744
403.091	105.5557
403.153	66.6443
403.214	111.6996
403.276	99.4118
403.337	105.5557
403.398	45.1406
403.46	70.7403
403.521	54.3565
403.582	76.8842
403.644	28.7569
403.705	44.1167
403.767	9.3012
403.828	29.7809
403.889	90.196
403.951	12.3731
404.012	41.0447
404.073	64.5963
404.135	17.4931
404.196	-1.9626
404.257	47.1886
404.319	45.1406
404.38	90.196
404.441	66.6443
404.502	52.3085
404.564	159.8269
404.625	90.196
404.686	86.1
404.747	117.8435
404.809	94.2919
404.87	151.635
404.931	234.5778
404.992	267.3453
405.054	575.5646
405.115	1292.3536
405.176	4060.1834
405.237	11041.7088
405.299	17429.3234
405.36	21365.5193
405.421	24308.4504
405.482	25043.6712
405.543	21919.4949
405.605	14941.0413
405.666	10687.4103
405.727	7628.7689
405.788	5141.5109
405.849	3296.291
405.91	1945.6556
405.971	1092.6767
406.033	738.3781
406.094	482.382
406.155	413.775
406.216	290.8969
406.277	221.266
406.338	140.3712
406.399	198.7383
406.46	121.9395
406.521	139.3472
406.583	95.3159
406.644	130.1313
406.705	159.8269
406.766	149.5871
406.827	104.5317
406.888	56.4045
406.949	161.8749
407.01	82.0041
407.071	32.8528
407.132	47.1886
407.193	67.6683
407.254	71.7642
407.315	84.0521
407.376	65.6203
407.437	31.8288
407.498	95.3159
407.559	78.9321
407.62	70.7403
407.681	23.637
407.742	22.613
407.803	74.8362
407.864	-7.0826
407.925	37.9728
407.986	59.4764
408.047	86.1
408.108	58.4524
408.168	134.2273
408.229	101.4598
408.29	393.2953
408.351	1157.1877
408.412	1772.6023
408.473	2052.15
408.534	2250.803
408.595	2369.5852
408.656	2142.2606
408.716	1493.0546
408.777	1070.149
408.838	773.1935
408.899	638.0276
408.96	385.1035
409.021	178.2586
409.082	132.1793
409.142	104.5317
409.203	106.5797
409.264	107.6037
409.325	107.6037
409.386	29.7809
409.446	8.2772
409.507	48.2126
409.568	76.8842
409.629	13.3971
409.69	72.7882
409.75	-36.7781
409.811	131.1553
409.872	-20.3944
409.933	17.4931
409.993	-4.0106
410.054	98.3878
410.115	121.9395
410.176	35.9248
410.236	35.9248
410.297	76.8842
410.358	-11.1785
410.418	63.5724
410.479	92.2439
410.54	18.5171
410.6	67.6683
410.661	21.589
410.722	11.3492
410.782	50.2606
410.843	0.0853
410.904	-1.9626
410.964	46.1646
411.025	-16.2984
411.086	-45.994
411.146	3.1573
411.207	13.3971
411.267	54.3565
411.328	16.4691
411.389	41.0447
411.449	67.6683
411.51	33.8768
411.57	58.4524
411.631	18.5171
411.692	51.2846
411.752	1.1093
411.813	62.5484
411.873	46.1646
411.934	20.565
411.994	40.0207
412.055	-9.1305
412.115	42.0687
412.176	23.637
412.236	66.6443
412.297	38.9967
412.358	-32.6822
412.418	54.3565
412.479	57.4285
412.539	17.4931
412.599	22.613
412.66	7.2532
412.72	21.589
412.781	-41.898
412.841	78.9321
412.902	29.7809
412.962	36.9488
413.023	7.2532
413.083	47.1886
413.144	29.7809
413.204	64.5963
413.264	19.541
413.325	24.661
413.385	26.7089
413.446	56.4045
413.506	6.2292
413.566	24.661
413.627	83.0281
413.687	9.3012
413.747	10.3252
413.808	-6.0586
413.868	56.4045
413.929	48.2126
413.989	58.4524
414.049	4.1813
414.11	-2.9866
414.17	-14.2504
414.23	12.3731
414.29	5.2053
414.351	-1.9626
414.411	37.9728
414.471	-17.3224
414.532	20.565
414.592	3.1573
414.652	52.3085
414.712	42.0687
414.773	-10.1545
414.833	-14.2504
414.893	30.8049
414.954	30.8049
415.014	42.0687
415.074	6.2292
415.134	27.7329
415.194	-22.4423
415.255	-33.7062
415.315	44.1167
415.375	23.637
415.435	-14.2504
415.495	-0.9387
415.556	8.2772
415.616	55.3805
415.676	-12.2025
415.736	29.7809
415.796	-10.1545
415.856	34.9008
415.917	-26.5383
415.977	20.565
416.037	17.4931
416.097	27.7329
416.157	-11.1785
416.217	42.0687
416.277	61.5244
416.337	15.4451
416.398	0.0853
416.458	17.4931
416.518	3.1573
416.578	-11.1785
416.638	10.3252
416.698	42.0687
416.758	13.3971
416.818	20.565
416.878	23.637
416.938	36.9488
416.998	7.2532
417.058	62.5484
417.118	8.2772
417.178	-6.0586
417.238	-0.9387
417.298	-10.1545
417.358	68.6923
417.418	42.0687
417.478	-23.4663
417.538	6.2292
417.598	33.8768
417.658	2.1333
417.718	-29.6102
417.778	40.0207
417.838	-20.3944
417.898	60.5004
417.958	21.589
418.018	-20.3944
418.078	36.9488
418.138	18.5171
418.198	30.8049
418.258	-33.7062
418.318	-5.0346
418.377	63.5724
418.437	-4.0106
418.497	1.1093
418.557	43.0927
418.617	-63.4017
418.677	54.3565
418.737	77.9081
418.797	-17.3224
418.856	23.637
418.916	22.613
418.976	23.637
419.036	23.637
419.096	45.1406
419.156	-18.3464
419.215	8.2772
419.275	100.4358
419.335	8.2772
419.395	-41.898
419.455	66.6443
419.514	18.5171
419.574	7.2532
419.634	23.637
419.694	-16.2984
419.753	27.7329
419.813	-10.1545
419.873	0.0853
419.933	47.1886
419.992	-14.2504
420.052	51.2846
420.112	27.7329
420.172	0.0853
420.231	-14.2504
420.291	-12.2025
420.351	-16.2984
420.41	10.3252
420.47	95.3159
420.53	-13.2265
420.589	34.9008
420.649	-6.0586
420.709	11.3492
420.768	31.8288
420.828	18.5171
420.888	32.8528
420.947	59.4764
421.007	55.3805
421.067	41.0447
421.126	9.3012
421.186	36.9488
421.246	23.637
421.305	4.1813
421.365	-38.8261
421.424	23.637
421.484	51.2846
421.543	36.9488
421.603	-41.898
421.663	73.8122
421.722	8.2772
421.782	-11.1785
421.841	44.1167
421.901	-40.874
421.96	-7.0826
422.02	18.5171
422.079	-25.5143
422.139	61.5244
422.198	15.4451
422.258	1.1093
422.317	41.0447
422.377	8.2772
422.436	23.637
422.496	2.1333
422.555	44.1167
422.615	15.4451
422.674	92.2439
422.734	20.565
422.793	22.613
422.853	88.148
422.912	14.4211
422.972	6.2292
423.031	4.1813
423.09	4.1813
423.15	13.3971
423.209	57.4285
423.269	55.3805
423.328	-21.4183
423.387	25.6849
423.447	3.1573
423.506	19.541
423.566	-20.3944
423.625	41.0447
423.684	7.2532
423.744	-10.1545
423.803	2.1333
423.862	68.6923
423.922	26.7089
423.981	-12.2025
424.04	23.637
424.1	15.4451
424.159	53.3325
424.218	22.613
424.278	28.7569
424.337	22.613
424.396	-6.0586
424.455	1.1093
424.515	20.565
424.574	55.3805
424.633	-10.1545
424.692	19.541
424.752	3.1573
424.811	18.5171
424.87	15.4451
424.929	35.9248
424.989	18.5171
425.048	2.1333
425.107	-6.0586
425.166	-6.0586
425.226	32.8528
425.285	67.6683
425.344	32.8528
425.403	35.9248
425.462	36.9488
425.521	7.2532
425.581	-21.4183
425.64	-10.1545
425.699	12.3731
425.758	9.3012
425.817	10.3252
425.876	-8.1065
425.935	35.9248
425.995	-5.0346
426.054	13.3971
426.113	8.2772
426.172	-24.4903
426.231	43.0927
426.29	36.9488
426.349	15.4451
426.408	21.589
426.467	-16.2984
426.526	14.4211
426.586	57.4285
426.645	-18.3464
426.704	42.0687
426.763	14.4211
426.822	23.637
426.881	2.1333
426.94	47.1886
426.999	-19.3704
427.058	-8.1065
427.117	12.3731
427.176	16.4691
427.235	30.8049
427.294	-17.3224
427.353	-2.9866
427.412	62.5484
427.471	15.4451
427.53	-7.0826
427.589	73.8122
427.648	56.4045
427.707	54.3565
427.766	8.2772
427.824	-43.946
427.883	-35.7541
427.942	-1.9626
428.001	-29.6102
428.06	22.613
428.119	-13.2265
428.178	29.7809
428.237	-12.2025
428.296	28.7569
428.355	26.7089
428.414	-34.7301
428.472	52.3085
428.531	43.0927
428.59	107.6037
428.649	7.2532
428.708	-0.9387
428.767	-6.0586
428.825	47.1886
428.884	11.3492
428.943	38.9967
429.002	51.2846
429.061	82.0041
429.12	10.3252
429.178	26.7089
429.237	59.4764
429.296	51.2846
429.355	13.3971
429.413	23.637
429.472	-44.97
429.531	79.9561
429.59	54.3565
429.649	15.4451
429.707	-14.2504
429.766	5.2053
429.825	-8.1065
429.883	35.9248
429.942	30.8049
430.001	27.7329
430.06	66.6443
430.118	48.2126
430.177	-1.9626
430.236	-36.7781
430.294	45.1406
430.353	25.6849
430.412	36.9488
430.47	24.661
430.529	30.8049
430.588	36.9488
430.646	-11.1785
430.705	23.637
430.764	-1.9626
430.822	50.2606
430.881	10.3252
430.939	-39.8501
430.998	20.565
431.057	55.3805
431.115	1.1093
431.174	9.3012
431.232	50.2606
431.291	17.4931
431.35	4.1813
431.408	-17.3224
431.467	68.6923
431.525	5.2053
431.584	-17.3224
431.642	29.7809
431.701	61.5244
431.759	8.2772
431.818	35.9248
431.877	41.0447
431.935	50.2606
431.994	-2.9866
432.052	26.7089
432.111	94.2919
432.169	87.124
432.228	29.7809
432.286	80.9801
432.344	28.7569
432.403	20.565
432.461	52.3085
432.52	62.5484
432.578	-24.4903
432.637	19.541
432.695	65.6203
432.754	-18.3464
432.812	68.6923
432.87	43.0927
432.929	57.4285
432.987	56.4045
433.046	48.2126
433.104	53.3325
433.162	28.7569
433.221	9.3012
433.279	122.9635
433.338	10.3252
433.396	50.2606
433.454	65.6203
433.513	50.2606
433.571	56.4045
433.629	76.8842
433.688	87.124
433.746	86.1
433.804	68.6923
433.863	28.7569
433.921	57.4285
433.979	11.3492
434.037	59.4764
434.096	96.3399
434.154	6.2292
434.212	55.3805
434.271	4.1813
434.329	117.8435
434.387	114.7716
434.445	212.0501
434.504	266.3213
434.562	311.3766
434.62	333.9042
434.678	331.8563
434.737	352.336
434.795	216.146
434.853	213.0741
434.911	191.5704
434.969	161.8749
435.028	121.9395
435.086	159.8269
435.144	185.4265
435.202	168.0188
435.26	294.9928
435.318	378.9596
435.377	505.9336
435.435	509.0056
435.493	557.1328
435.551	546.893
435.609	439.3746
435.667	354.3839
435.725	322.6404
435.784	332.8803
435.842	315.4725
435.9	324.6884
435.958	385.1035
436.016	450.6385
436.074	648.2674
436.132	917.5753
436.19	1606.7168
436.248	4447.2495
436.306	14906.2259
436.364	34163.276
436.422	44970.4071
436.48	54368.5357
436.538	58367.1947
436.596	53418.2782
436.654	48141.6867
436.713	30859.9024
436.771	22214.4024
436.829	15736.6772
436.887	10880.9433
436.945	6649.8399
437.003	4250.6445
437.06	2627.6292
437.118	1738.8108
437.176	1165.3796
437.234	920.6473
437.292	688.2028
437.35	534.6052
437.408	413.775
437.466	412.751
437.524	286.801
437.582	302.1607
437.64	286.801
437.698	286.801
437.756	225.3619
437.814	179.2826
437.872	139.3472
437.929	207.9542
437.987	164.9468
438.045	183.3785
438.103	186.4505
438.161	185.4265
438.219	147.5391
438.277	130.1313
438.335	102.4838
438.392	184.4025
438.45	156.7549
438.508	52.3085
438.566	84.0521
438.624	73.8122
438.681	80.9801
438.739	103.5078
438.797	145.4911
438.855	126.0354
438.913	70.7403
438.97	77.9081
439.028	115.7956
439.086	70.7403
439.144	69.7163
439.202	58.4524
439.259	43.0927
439.317	115.7956
439.375	19.541
439.432	51.2846
439.49	62.5484
439.548	80.9801
439.606	62.5484
439.663	65.6203
439.721	79.9561
439.779	56.4045
439.836	75.8602
439.894	60.5004
439.952	71.7642
440.009	44.1167
440.067	30.8049
440.125	96.3399
440.182	57.4285
440.24	26.7089
440.298	53.3325
440.355	24.661
440.413	28.7569
440.471	22.613
440.528	56.4045
440.586	107.6037
440.643	75.8602
440.701	49.2366
440.759	45.1406
440.816	55.3805
440.874	21.589
440.931	33.8768
440.989	17.4931
441.047	24.661
441.104	22.613
441.162	66.6443
441.219	3.1573
441.277	31.8288
441.334	23.637
441.392	32.8528
441.449	-5.0346
441.507	32.8528
441.564	-10.1545
441.622	49.2366
441.679	67.6683
441.737	51.2846
441.794	-0.9387
441.852	66.6443
441.909	61.5244
441.967	9.3012
442.024	46.1646
442.082	16.4691
442.139	23.637
442.197	115.7956
442.254	42.0687
442.311	-21.4183
442.369	-15.2744
442.426	49.2366
442.484	91.2199
442.541	27.7329
442.598	8.2772
442.656	93.2679
442.713	6.2292
442.771	37.9728
442.828	30.8049
442.885	-25.5143
442.943	59.4764
443	4.1813
443.057	31.8288
443.115	76.8842
443.172	38.9967
443.229	57.4285
443.287	28.7569
443.344	36.9488
443.401	61.5244
443.459	12.3731
443.516	-33.7062
443.573	0.0853
443.631	10.3252
443.688	-27.5622
443.745	8.2772
443.802	4.1813
443.86	36.9488
443.917	-24.4903
443.974	-13.2265
444.031	23.637
444.089	21.589
444.146	60.5004
444.203	46.1646
444.26	10.3252
444.318	20.565
444.375	-0.9387
444.432	2.1333
444.489	13.3971
444.546	-37.8021
444.604	59.4764
444.661	-8.1065
444.718	53.3325
444.775	3.1573
444.832	41.0447
444.889	63.5724
444.947	-8.1065
445.004	41.0447
445.061	-22.4423
445.118	-9.1305
445.175	53.3325
445.232	37.9728
445.289	74.8362
445.346	-45.994
445.404	49.2366
445.461	51.2846
445.518	-5.0346
445.575	56.4045
445.632	-1.9626
445.689	24.661
445.746	-31.6582
445.803	6.2292
445.86	28.7569
445.917	91.2199
445.974	35.9248
446.031	3.1573
446.088	-4.0106
446.145	14.4211
446.202	74.8362
446.259	-32.6822
446.316	-16.2984
446.373	13.3971
446.43	4.1813
446.487	-50.0899
446.544	63.5724
446.601	-9.1305
446.658	37.9728
446.715	44.1167
446.772	18.5171
446.829	35.9248
446.886	86.1
446.943	-84.9054
447	26.7089
447.057	36.9488
447.114	45.1406
447.171	32.8528
447.228	3.1573
447.285	-0.9387
447.341	-5.0346
447.398	48.2126
447.455	22.613
447.512	-12.2025
447.569	14.4211
447.626	0.0853
447.683	28.7569
447.74	17.4931
447.796	-29.6102
447.853	1.1093
447.91	43.0927
447.967	29.7809
448.024	3.1573
448.081	45.1406
448.137	-5.0346
448.194	-2.9866
448.251	21.589
448.308	-4.0106
448.365	15.4451
448.421	14.4211
448.478	-35.7541
448.535	-7.0826
448.592	15.4451
448.648	-4.0106
448.705	-2.9866
448.762	42.0687
448.819	21.589
448.875	-1.9626
448.932	24.661
448.989	-58.2818
449.046	40.0207
449.102	11.3492
449.159	-0.9387
449.216	8.2772
449.272	-18.3464
449.329	38.9967
449.386	84.0521
449.442	-6.0586
449.499	23.637
449.556	29.7809
449.612	22.613
449.669	19.541
449.726	-25.5143
449.782	2.1333
449.839	50.2606
449.896	33.8768
449.952	-67.4976
450.009	-8.1065
450.065	1.1093
450.122	44.1167
450.179	5.2053
450.235	18.5171
450.292	17.4931
450.348	-9.1305
450.405	57.4285
450.461	25.6849
450.518	-15.2744
450.575	40.0207
450.631	14.4211
450.688	-8.1065
450.744	7.2532
450.801	-9.1305
450.857	61.5244
450.914	-30.6342
450.97	14.4211
451.027	-4.0106
451.083	16.4691
451.14	24.661
451.196	-12.2025
451.253	35.9248
451.309	-18.3464
451.366	-5.0346
451.422	48.2126
451.479	-37.8021
451.535	-14.2504
451.591	-18.3464
451.648	-10.1545
451.704	51.2846
451.761	-14.2504
451.817	64.5963
451.874	21.589
451.93	29.7809
451.986	-1.9626
452.043	-33.7062
452.099	12.3731
452.156	-13.2265
452.212	-39.8501
452.268	16.4691
452.325	-38.8261
452.381	6.2292
452.437	16.4691
452.494	-80.8094
452.55	10.3252
452.606	1.1093
452.663	-10.1545
452.719	19.541
452.775	-35.7541
452.832	-19.3704
452.888	62.5484
452.944	-24.4903
453.001	16.4691
453.057	17.4931
453.113	-11.1785
453.169	31.8288
453.226	-0.9387
453.282	-20.3944
453.338	46.1646
453.394	-9.1305
453.451	28.7569
453.507	-16.2984
453.563	17.4931
453.619	74.8362
453.676	24.661
453.732	-13.2265
453.788	-49.0659
453.844	27.7329
453.9	-2.9866
453.957	29.7809
454.013	-22.4423
454.069	-27.5622
454.125	-20.3944
454.181	23.637
454.237	-2.9866
454.294	14.4211
454.35	40.0207
454.406	15.4451
454.462	28.7569
454.518	-17.3224
454.574	-26.5383
454.63	0.0853
454.687	8.2772
454.743	37.9728
454.799	36.9488
454.855	-21.4183
454.911	69.7163
454.967	-14.2504
455.023	76.8842
455.079	-7.0826
455.135	41.0447
455.191	31.8288
455.247	-21.4183
455.303	32.8528
455.359	31.8288
455.415	-21.4183
455.471	-22.4423
455.527	-26.5383
455.583	20.565
455.639	61.5244
455.695	-42.922
455.751	16.4691
455.807	-56.2338
455.863	0.0853
455.919	-29.6102
455.975	-41.898
456.031	36.9488
456.087	-0.9387
456.143	-45.994
456.199	38.9967
456.255	0.0853
456.311	40.0207
456.367	-22.4423
456.423	-24.4903
456.479	10.3252
456.535	8.2772
456.591	53.3325
456.647	-1.9626
456.702	34.9008
456.758	-7.0826
456.814	56.4045
456.87	-47.0179
456.926	32.8528
456.982	-40.874
457.038	35.9248
457.094	-42.922
457.149	64.5963
457.205	18.5171
457.261	-28.5862
457.317	36.9488
457.373	14.4211
457.429	43.0927
457.484	40.0207
457.54	-4.0106
457.596	8.2772
457.652	28.7569
457.707	-15.2744
457.763	-10.1545
457.819	-44.97
457.875	24.661
457.931	-1.9626
457.986	-31.6582
458.042	48.2126
458.098	-49.0659
458.154	42.0687
458.209	27.7329
458.265	-39.8501
458.321	-38.8261
458.376	3.1573
458.432	17.4931
458.488	26.7089
458.544	35.9248
458.599	53.3325
458.655	-63.4017
458.711	27.7329
458.766	-18.3464
458.822	-38.8261
458.878	-9.1305
458.933	17.4931
458.989	-1.9626
459.044	-16.2984
459.1	-25.5143
459.156	-44.97
459.211	-15.2744
459.267	29.7809
459.323	43.0927
459.378	-4.0106
459.434	6.2292
459.489	27.7329
459.545	-23.4663
459.601	2.1333
459.656	8.2772
459.712	49.2366
459.767	41.0447
459.823	7.2532
459.878	4.1813
459.934	0.0853
459.989	-6.0586
460.045	36.9488
460.1	-28.5862
460.156	-27.5622
460.211	-61.3537
460.267	40.0207
460.322	-69.5456
460.378	47.1886
460.433	5.2053
460.489	28.7569
460.544	-26.5383
460.6	29.7809
460.655	50.2606
460.711	19.541
460.766	-19.3704
460.822	20.565
460.877	31.8288
460.933	-7.0826
460.988	-6.0586
461.043	-21.4183
461.099	-8.1065
461.154	-4.0106
461.21	-76.7135
461.265	-12.2025
461.32	41.0447
461.376	27.7329
461.431	-49.0659
461.487	35.9248
461.542	-17.3224
461.597	6.2292
461.653	6.2292
461.708	61.5244
461.763	24.661
461.819	4.1813
461.874	-13.2265
461.929	-25.5143
461.985	34.9008
462.04	17.4931
462.095	51.2846
462.151	-20.3944
462.206	-42.922
462.261	-4.0106
462.316	3.1573
462.372	26.7089
462.427	-47.0179
462.482	-4.0106
462.537	-44.97
462.593	34.9008
462.648	-40.874
462.703	-0.9387
462.758	55.3805
462.814	10.3252
462.869	33.8768
462.924	-37.8021
462.979	-18.3464
463.034	-14.2504
463.09	44.1167
463.145	-35.7541
463.2	-18.3464
463.255	-4.0106
463.31	-17.3224
463.366	30.8049
463.421	-43.946
463.476	26.7089
463.531	-58.2818
463.586	-24.4903
463.641	-30.6342
463.696	-45.994
463.752	-18.3464
463.807	-12.2025
463.862	0.0853
463.917	-17.3224
463.972	-61.3537
464.027	26.7089
464.082	22.613
464.137	-17.3224
464.192	4.1813
464.247	23.637
464.302	16.4691
464.357	78.9321
464.413	28.7569
464.468	37.9728
464.523	-10.1545
464.578	49.2366
464.633	11.3492
464.688	19.541
464.743	11.3492
464.798	70.7403
464.853	57.4285
464.908	4.1813
464.963	6.2292
465.018	-22.4423
465.073	-15.2744
465.128	31.8288
465.183	-24.4903
465.238	30.8049
465.293	-15.2744
465.347	103.5078
465.402	30.8049
465.457	9.3012
465.512	11.3492
465.567	-17.3224
465.622	5.2053
465.677	-11.1785
465.732	35.9248
465.787	36.9488
465.842	10.3252
465.897	-31.6582
465.952	80.9801
466.006	-24.4903
466.061	-7.0826
466.116	15.4451
466.171	-11.1785
466.226	26.7089
466.281	17.4931
466.336	-5.0346
466.39	-22.4423
466.445	-62.3777
466.5	-8.1065
466.555	80.9801
466.61	24.661
466.664	24.661
466.719	20.565
466.774	-60.3297
466.829	-34.7301
466.884	-30.6342
466.938	34.9008
466.993	23.637
467.048	-25.5143
467.103	6.2292
467.157	25.6849
467.212	-51.1139
467.267	6.2292
467.322	28.7569
467.376	31.8288
467.431	37.9728
467.486	14.4211
467.54	-10.1545
467.595	4.1813
467.65	-6.0586
467.705	17.4931
467.759	7.2532
467.814	-13.2265
467.869	-49.0659
467.923	-7.0826
467.978	-31.6582
468.032	-30.6342
468.087	22.613
468.142	46.1646
468.196	-0.9387
468.251	25.6849
468.306	16.4691
468.36	18.5171
468.415	-9.1305
468.469	-28.5862
468.524	1.1093
468.579	-17.3224
468.633	-27.5622
468.688	34.9008
468.742	29.7809
468.797	-7.0826
468.852	16.4691
468.906	3.1573
468.961	-29.6102
469.015	9.3012
469.07	56.4045
469.124	-30.6342
469.179	-14.2504
469.233	10.3252
469.288	5.2053
469.342	-34.7301
469.397	52.3085
469.451	-56.2338
469.506	-21.4183
469.56	-23.4663
469.615	16.4691
469.669	0.0853
469.724	7.2532
469.778	18.5171
469.833	-0.9387
469.887	-33.7062
469.941	0.0853
469.996	55.3805
470.05	47.1886
470.105	-6.0586
470.159	8.2772
470.214	87.124
470.268	-14.2504
470.322	-31.6582
470.377	-37.8021
470.431	1.1093
470.486	-13.2265
470.54	53.3325
470.594	1.1093
470.649	34.9008
470.703	35.9248
470.757	4.1813
470.812	23.637
470.866	-13.2265
470.92	24.661
470.975	14.4211
471.029	11.3492
471.083	4.1813
471.138	-1.9626
471.192	-37.8021
471.246	50.2606
471.3	-30.6342
471.355	108.6277
471.409	-29.6102
471.463	36.9488
471.518	7.2532
471.572	34.9008
471.626	62.5484
471.68	-16.2984
471.735	-15.2744
471.789	16.4691
471.843	23.637
471.897	-11.1785
471.951	-5.0346
472.006	-37.8021
472.06	-14.2504
472.114	20.565
472.168	-11.1785
472.222	79.9561
472.277	24.661
472.331	0.0853
472.385	30.8049
472.439	21.589
472.493	20.565
472.547	1.1093
472.602	-4.0106
472.656	-10.1545
472.71	-2.9866
472.764	25.6849
472.818	35.9248
472.872	37.9728
472.926	-9.1305
472.98	-11.1785
473.034	9.3012
473.089	-10.1545
473.143	-29.6102
473.197	4.1813
473.251	-23.4663
473.305	-50.0899
473.359	8.2772
473.413	4.1813
473.467	36.9488
473.521	17.4931
473.575	-36.7781
473.629	-41.898
473.683	-16.2984
473.737	-48.0419
473.791	31.8288
473.845	10.3252
473.899	-6.0586
473.953	15.4451
474.007	25.6849
474.061	14.4211
474.115	8.2772
474.169	28.7569
474.223	38.9967
474.277	-13.2265
474.331	2.1333
474.385	-39.8501
474.439	29.7809
474.493	20.565
474.547	16.4691
474.601	-27.5622
474.654	-23.4663
474.708	-13.2265
474.762	16.4691
474.816	-35.7541
474.87	11.3492
474.924	-11.1785
474.978	-40.874
475.032	43.0927
475.086	29.7809
475.139	-34.7301
475.193	-11.1785
475.247	12.3731
475.301	25.6849
475.355	-13.2265
475.409	-57.2578
475.462	17.4931
475.516	-22.4423
475.57	1.1093
475.624	30.8049
475.678	30.8049
475.731	7.2532
475.785	-38.8261
475.839	-15.2744
475.893	-76.7135
475.947	-56.2338
476	-16.2984
476.054	0.0853
476.108	87.124
476.162	-31.6582
476.215	-43.946
476.269	6.2292
476.323	-26.5383
476.376	3.1573
476.43	-11.1785
476.484	37.9728
476.538	6.2292
476.591	0.0853
476.645	14.4211
476.699	-54.1858
476.752	-7.0826
476.806	-0.9387
476.86	20.565
476.913	14.4211
476.967	20.565
477.021	-0.9387
477.074	0.0853
477.128	54.3565
477.182	-2.9866
477.235	-23.4663
477.289	28.7569
477.342	21.589
477.396	21.589
477.45	1.1093
477.503	1.1093
477.557	2.1333
477.61	83.0281
477.664	-27.5622
477.717	37.9728
477.771	9.3012
477.825	25.6849
477.878	21.589
477.932	54.3565
477.985	-70.5696
478.039	-15.2744
478.092	48.2126
478.146	5.2053
478.199	17.4931
478.253	-14.2504
478.306	-25.5143
478.36	-30.6342
478.413	3.1573
478.467	-56.2338
478.52	-4.0106
478.574	14.4211
478.627	42.0687
478.681	-26.5383
478.734	-21.4183
478.788	14.4211
478.841	-12.2025
478.894	-17.3224
478.948	-34.7301
479.001	73.8122
479.055	-10.1545
479.108	41.0447
479.162	2.1333
479.215	38.9967
479.268	34.9008
479.322	30.8049
479.375	24.661
479.428	-17.3224
479.482	-12.2025
479.535	40.0207
479.589	23.637
479.642	-20.3944
479.695	10.3252
479.749	85.076
479.802	4.1813
479.855	-22.4423
479.909	31.8288
479.962	-2.9866
480.015	18.5171
480.068	32.8528
480.122	24.661
480.175	16.4691
480.228	-21.4183
480.282	-22.4423
480.335	-34.7301
480.388	-8.1065
480.441	26.7089
480.495	12.3731
480.548	18.5171
480.601	-35.7541
480.654	-1.9626
480.708	31.8288
480.761	24.661
480.814	-12.2025
480.867	-35.7541
480.92	20.565
480.974	-4.0106
481.027	-24.4903
481.08	-8.1065
481.133	9.3012
481.186	-20.3944
481.24	-45.994
481.293	-11.1785
481.346	2.1333
481.399	-21.4183
481.452	18.5171
481.505	47.1886
481.558	-13.2265
481.612	-36.7781
481.665	22.613
481.718	-42.922
481.771	-13.2265
481.824	18.5171
481.877	56.4045
481.93	13.3971
481.983	2.1333
482.036	-6.0586
482.089	8.2772
482.142	20.565
482.196	56.4045
482.249	-32.6822
482.302	27.7329
482.355	24.661
482.408	48.2126
482.461	-32.6822
482.514	-30.6342
482.567	57.4285
482.62	-64.4257
482.673	-8.1065
482.726	-4.0106
482.779	-6.0586
482.832	12.3731
482.885	40.0207
482.938	50.2606
482.991	-32.6822
483.044	23.637
483.097	-1.9626
483.15	-57.2578
483.203	-11.1785
483.255	1.1093
483.308	-42.922
483.361	13.3971
483.414	8.2772
483.467	25.6849
483.52	-11.1785
483.573	44.1167
483.626	-0.9387
483.679	14.4211
483.732	-33.7062
483.784	21.589
483.837	-14.2504
483.89	41.0447
483.943	44.1167
483.996	49.2366
484.049	23.637
484.102	-21.4183
484.154	73.8122
484.207	49.2366
484.26	-5.0346
484.313	36.9488
484.366	-44.97
484.419	-29.6102
484.471	-34.7301
484.524	24.661
484.577	33.8768
484.63	-66.4737
484.682	-42.922
484.735	48.2126
484.788	0.0853
484.841	-5.0346
484.894	20.565
484.946	6.2292
484.999	8.2772
485.052	27.7329
485.104	-26.5383
485.157	26.7089
485.21	-25.5143
485.263	28.7569
485.315	16.4691
485.368	-45.994
485.421	20.565
485.473	-4.0106
485.526	82.0041
485.579	6.2292
485.631	-14.2504
485.684	4.1813
485.737	88.148
485.789	50.2606
485.842	63.5724
485.895	34.9008
485.947	-31.6582
486	23.637
486.052	-37.8021
486.105	-10.1545
486.158	31.8288
486.21	-9.1305
486.263	16.4691
486.315	-6.0586
486.368	-18.3464
486.421	51.2846
486.473	10.3252
486.526	-8.1065
486.578	41.0447
486.631	8.2772
486.683	5.2053
486.736	22.613
486.788	55.3805
486.841	-4.0106
486.894	4.1813
486.946	9.3012
486.999	-14.2504
487.051	-12.2025
487.104	-1.9626
487.156	-13.2265
487.209	62.5484
487.261	-11.1785
487.313	43.0927
487.366	8.2772
487.418	34.9008
487.471	56.4045
487.523	27.7329
487.576	10.3252
487.628	32.8528
487.681	18.5171
487.733	14.4211
487.785	22.613
487.838	17.4931
487.89	10.3252
487.943	-30.6342
487.995	-15.2744
488.047	30.8049
488.1	9.3012
488.152	30.8049
488.205	41.0447
488.257	-19.3704
488.309	13.3971
488.362	33.8768
488.414	1.1093
488.466	-29.6102
488.519	9.3012
488.571	-7.0826
488.623	15.4451
488.676	15.4451
488.728	24.661
488.78	11.3492
488.833	-25.5143
488.885	45.1406
488.937	34.9008
488.989	42.0687
489.042	8.2772
489.094	-8.1065
489.146	8.2772
489.198	20.565
489.251	74.8362
489.303	11.3492
489.355	-6.0586
489.407	-32.6822
489.46	40.0207
489.512	7.2532
489.564	-10.1545
489.616	0.0853
489.668	0.0853
489.721	16.4691
489.773	6.2292
489.825	0.0853
489.877	3.1573
489.929	30.8049
489.982	34.9008
490.034	8.2772
490.086	76.8842
490.138	-32.6822
490.19	20.565
490.242	-1.9626
490.294	21.589
490.346	45.1406
490.399	33.8768
490.451	60.5004
490.503	14.4211
490.555	46.1646
490.607	2.1333
490.659	15.4451
490.711	-26.5383
490.763	-23.4663
490.815	-9.1305
490.867	14.4211
490.919	14.4211
490.971	0.0853
491.023	31.8288
491.076	-61.3537
491.128	30.8049
491.18	1.1093
491.232	-62.3777
491.284	18.5171
491.336	-24.4903
491.388	-5.0346
491.44	-25.5143
491.492	-12.2025
491.544	62.5484
491.596	12.3731
491.648	-22.4423
491.699	8.2772
491.751	60.5004
491.803	-35.7541
491.855	-27.5622
491.907	5.2053
491.959	-47.0179
492.011	45.1406
492.063	31.8288
492.115	25.6849
492.167	-5.0346
492.219	-10.1545
492.271	6.2292
492.323	86.1
492.374	93.2679
492.426	192.5944
492.478	382.0315
492.53	331.8563
492.582	324.6884
492.634	360.5278
492.686	424.0149
492.737	320.5924
492.789	272.4652
492.841	136.2753
492.893	99.4118
492.945	72.7882
492.997	54.3565
493.048	2.1333
493.1	5.2053
493.152	-11.1785
493.204	24.661
493.256	-2.9866
493.307	60.5004
493.359	13.3971
493.411	-2.9866
493.463	33.8768
493.514	37.9728
493.566	10.3252
493.618	-29.6102
493.67	-13.2265
493.721	17.4931
493.773	11.3492
493.825	43.0927
493.876	47.1886
493.928	-1.9626
493.98	-0.9387
494.032	10.3252
494.083	27.7329
494.135	53.3325
494.187	-45.994
494.238	-4.0106
494.29	12.3731
494.342	14.4211
494.393	49.2366
494.445	12.3731
494.497	11.3492
494.548	-24.4903
494.6	-40.874
494.651	49.2366
494.703	1.1093
494.755	26.7089
494.806	-30.6342
494.858	-15.2744
494.909	-28.5862
494.961	17.4931
495.013	-15.2744
495.064	17.4931
495.116	-2.9866
495.167	12.3731
495.219	29.7809
495.27	3.1573
495.322	-70.5696
495.373	58.4524
495.425	-53.1619
495.476	56.4045
495.528	-4.0106
495.579	24.661
495.631	48.2126
495.682	12.3731
495.734	8.2772
495.785	-13.2265
495.837	42.0687
495.888	-6.0586
495.94	43.0927
495.991	-10.1545
496.043	-22.4423
496.094	15.4451
496.146	28.7569
496.197	1.1093
496.249	-98.2172
496.3	-15.2744
496.351	-34.7301
496.403	34.9008
496.454	-13.2265
496.506	-18.3464
496.557	23.637
496.608	32.8528
496.66	-5.0346
496.711	24.661
496.763	2.1333
496.814	36.9488
496.865	53.3325
496.917	-34.7301
496.968	50.2606
497.019	47.1886
497.071	-2.9866
497.122	115.7956
497.173	65.6203
497.225	13.3971
497.276	6.2292
497.327	48.2126
497.378	-5.0346
497.43	21.589
497.481	33.8768
497.532	47.1886
497.584	-51.1139
497.635	49.2366
497.686	-2.9866
497.737	-13.2265
497.789	-0.9387
497.84	5.2053
497.891	-22.4423
497.942	29.7809
497.994	20.565
498.045	0.0853
498.096	-13.2265
498.147	-1.9626
498.198	25.6849
498.25	14.4211
498.301	-10.1545
498.352	18.5171
498.403	33.8768
498.454	1.1093
498.505	59.4764
498.557	-2.9866
498.608	-49.0659
498.659	13.3971
498.71	31.8288
498.761	-60.3297
498.812	44.1167
498.863	37.9728
498.915	3.1573
498.966	-26.5383
499.017	7.2532
499.068	38.9967
499.119	46.1646
499.17	18.5171
499.221	-4.0106
499.272	47.1886
499.323	25.6849
499.374	60.5004
499.425	20.565
499.476	5.2053
499.527	1.1093
499.579	44.1167
499.63	4.1813
499.681	-36.7781
499.732	40.0207
499.783	27.7329
499.834	-12.2025
499.885	-21.4183
499.936	-34.7301
499.987	14.4211
500.038	20.565
500.089	11.3492
500.14	32.8528
500.19	13.3971
500.241	-23.4663
500.292	-9.1305
500.343	10.3252
500.394	23.637
500.445	-19.3704
500.496	-11.1785
500.547	22.613
500.598	18.5171
500.649	0.0853
500.7	40.0207
500.751	-13.2265
500.802	-11.1785
500.852	59.4764
500.903	-2.9866
500.954	16.4691
501.005	-44.97
501.056	42.0687
501.107	14.4211
501.158	-19.3704
501.209	-7.0826
501.259	6.2292
501.31	31.8288
501.361	-12.2025
501.412	21.589
501.463	5.2053
501.513	-28.5862
501.564	-14.2504
501.615	37.9728
501.666	-7.0826
501.717	-52.1379
501.767	-13.2265
501.818	-7.0826
501.869	31.8288
501.92	-17.3224
501.97	7.2532
502.021	24.661
502.072	-25.5143
502.123	-18.3464
502.173	-14.2504
502.224	43.0927
502.275	-68.5216
502.326	-18.3464
502.376	45.1406
502.427	-1.9626
502.478	-9.1305
502.528	13.3971
502.579	-1.9626
502.63	32.8528
502.68	35.9248
502.731	-6.0586
502.782	44.1167
502.832	-0.9387
502.883	6.2292
502.934	0.0853
502.984	-28.5862
503.035	-40.874
503.085	16.4691
503.136	29.7809
503.187	32.8528
503.237	-29.6102
503.288	38.9967
503.338	-15.2744
503.389	33.8768
503.44	20.565
503.49	30.8049
503.541	-17.3224
503.591	15.4451
503.642	-11.1785
503.692	-20.3944
503.743	-21.4183
503.793	57.4285
503.844	-20.3944
503.895	-29.6102
503.945	28.7569
503.996	-4.0106
504.046	3.1573
504.097	25.6849
504.147	22.613
504.198	-20.3944
504.248	-29.6102
504.298	4.1813
504.349	-15.2744
504.399	-62.3777
504.45	-43.946
504.5	-28.5862
504.551	-55.2098
504.601	-37.8021
504.652	8.2772
504.702	-29.6102
504.752	44.1167
504.803	15.4451
504.853	-38.8261
504.904	31.8288
504.954	24.661
505.004	16.4691
505.055	-57.2578
505.105	49.2366
505.156	20.565
505.206	1.1093
505.256	18.5171
505.307	54.3565
505.357	14.4211
505.407	2.1333
505.458	15.4451
505.508	38.9967
505.558	9.3012
505.609	-0.9387
505.659	1.1093
505.709	-14.2504
505.76	49.2366
505.81	-23.4663
505.86	22.613
505.91	46.1646
505.961	-33.7062
506.011	-6.0586
506.061	1.1093
506.112	-1.9626
506.162	42.0687
506.212	4.1813
506.262	-32.6822
506.312	-21.4183
506.363	63.5724
506.413	-35.7541
506.463	60.5004
506.513	45.1406
506.564	26.7089
506.614	8.2772
506.664	-29.6102
506.714	-32.6822
506.764	-2.9866
506.814	15.4451
506.865	44.1167
506.915	-1.9626
506.965	-24.4903
507.015	33.8768
507.065	-16.2984
507.115	-12.2025
507.165	32.8528
507.216	11.3492
507.266	13.3971
507.316	7.2532
507.366	-18.3464
507.416	32.8528
507.466	6.2292
507.516	-11.1785
507.566	22.613
507.616	14.4211
507.666	15.4451
507.717	33.8768
507.767	1.1093
507.817	10.3252
507.867	-41.898
507.917	-28.5862
507.967	23.637
508.017	1.1093
508.067	21.589
508.117	41.0447
508.167	14.4211
508.217	8.2772
508.267	50.2606
508.317	-11.1785
508.367	9.3012
508.417	-0.9387
508.467	23.637
508.517	3.1573
508.567	37.9728
508.617	13.3971
508.667	14.4211
508.716	-49.0659
508.766	6.2292
508.816	-23.4663
508.866	11.3492
508.916	17.4931
508.966	-1.9626
509.016	-15.2744
509.066	83.0281
509.116	-1.9626
509.166	37.9728
509.216	-2.9866
509.265	64.5963
509.315	-37.8021
509.365	3.1573
509.415	-0.9387
509.465	-21.4183
509.515	-8.1065
509.565	-30.6342
509.614	16.4691
509.664	43.0927
509.714	10.3252
509.764	-2.9866
509.814	-27.5622
509.863	-37.8021
509.913	7.2532
509.963	60.5004
510.013	-17.3224
510.063	-25.5143
510.112	-18.3464
510.162	36.9488
510.212	-65.4497
510.262	-4.0106
510.311	6.2292
510.361	-39.8501
510.411	-69.5456
510.461	20.565
510.51	0.0853
510.56	10.3252
510.61	-15.2744
510.659	46.1646
510.709	-11.1785
510.759	38.9967
510.809	-20.3944
510.858	-13.2265
510.908	80.9801
510.958	-15.2744
511.007	6.2292
511.057	18.5171
511.107	38.9967
511.156	-65.4497
511.206	46.1646
511.255	31.8288
511.305	-21.4183
511.355	2.1333
511.404	6.2292
511.454	50.2606
511.504	-36.7781
511.553	-22.4423
511.603	-19.3704
511.652	-18.3464
511.702	-21.4183
511.751	-19.3704
511.801	-7.0826
511.851	29.7809
511.9	5.2053
511.95	-26.5383
511.999	-0.9387
512.049	17.4931
512.098	-11.1785
512.148	-35.7541
512.197	-27.5622
512.247	-30.6342
512.296	40.0207
512.346	15.4451
512.395	11.3492
512.445	-41.898
512.494	-21.4183
512.544	0.0853
512.593	-55.2098
512.643	24.661
512.692	-32.6822
512.742	-55.2098
512.791	-15.2744
512.84	-32.6822
512.89	-5.0346
512.939	26.7089
512.989	-16.2984
513.038	27.7329
513.088	-28.5862
513.137	4.1813
513.186	-17.3224
513.236	-20.3944
513.285	-1.9626
513.335	44.1167
513.384	-18.3464
513.433	-44.97
513.483	-31.6582
513.532	73.8122
513.581	36.9488
513.631	-31.6582
513.68	-9.1305
513.729	21.589
513.779	65.6203
513.828	-49.0659
513.877	76.8842
513.927	36.9488
513.976	3.1573
514.025	-9.1305
514.074	-20.3944
514.124	73.8122
514.173	-30.6342
514.222	16.4691
514.272	-30.6342
514.321	41.0447
514.37	-22.4423
514.419	-12.2025
514.469	-22.4423
514.518	-1.9626
514.567	-24.4903
514.616	88.148
514.665	36.9488
514.715	47.1886
514.764	-17.3224
514.813	9.3012
514.862	19.541
514.911	23.637
514.961	-16.2984
515.01	20.565
515.059	23.637
515.108	-22.4423
515.157	-8.1065
515.206	19.541
515.256	52.3085
515.305	12.3731
515.354	-47.0179
515.403	51.2846
515.452	6.2292
515.501	2.1333
515.55	-42.922
515.599	41.0447
515.648	41.0447
515.698	61.5244
515.747	26.7089
515.796	10.3252
515.845	-43.946
515.894	19.541
515.943	52.3085
515.992	8.2772
516.041	-66.4737
516.09	1.1093
516.139	-24.4903
516.188	38.9967
516.237	-44.97
516.286	-24.4903
516.335	3.1573
516.384	12.3731
516.433	7.2532
516.482	7.2532
516.531	47.1886
516.58	32.8528
516.629	32.8528
516.678	32.8528
