340.277	-71.7851
340.654	-71.7851
341.032	-71.7851
341.409	-100.305
341.786	-119.7227
342.163	-110.6207
342.54	-106.4944
342.917	-99.3341
343.293	-97.5137
343.67	-68.6297
344.047	-56.615
344.424	-47.877
344.8	-21.5416
345.177	10.9832
345.554	20.5707
345.93	39.0176
346.307	74.6978
346.683	81.494
347.06	112.1983
347.436	138.1696
347.813	131.4948
348.189	167.2963
348.565	162.4418
348.941	202.3697
349.318	199.6997
349.694	239.8702
350.07	253.3413
350.446	258.1958
350.822	275.065
351.198	282.468
351.574	294.8468
351.95	291.4487
352.326	308.1965
352.702	300.0653
353.078	306.4975
353.453	315.8423
353.829	328.5852
354.205	322.8812
354.581	318.0268
354.956	325.4298
355.332	318.5122
355.707	318.0268
356.083	333.4397
356.458	349.702
356.834	318.8763
357.209	328.8279
357.584	335.0173
357.96	341.9349
358.335	328.5852
358.71	323.9735
359.085	324.9444
359.46	343.634
359.835	330.0415
360.211	325.0657
360.586	315.2355
360.96	317.5413
361.335	318.8763
361.71	317.7841
362.085	327.7357
362.46	334.5319
362.835	323.7308
363.209	327.6143
363.584	317.9054
363.959	339.7504
364.333	341.4495
364.708	331.862
365.082	346.668
365.457	332.4688
365.831	347.8816
366.206	339.9932
366.58	356.4983
366.954	370.2121
367.329	371.7898
367.703	387.5667
368.077	406.7418
368.451	451.524
368.825	562.5694
369.2	1087.4562
369.574	4378.0414
369.948	8068.8755
370.321	8862.2131
370.695	5695.5376
371.069	3481.6682
371.443	2332.3785
371.817	1574.1143
372.191	829.8066
372.564	591.2107
372.938	447.8832
373.312	412.6885
373.685	371.547
374.059	384.8968
374.432	367.2994
374.806	368.8771
375.179	365.7217
375.553	347.0321
375.926	347.7603
376.299	348.3671
376.672	335.7455
377.046	336.8378
377.419	330.8911
377.792	308.1965
378.165	331.3765
378.538	325.3085
378.911	336.3523
379.284	324.9444
379.657	318.2695
380.03	309.1674
380.403	327.2502
380.776	310.2597
381.148	313.5364
381.521	319.4831
381.894	322.7599
382.266	317.5413
382.639	315.7209
383.012	318.3909
383.384	327.3716
383.757	316.3277
384.129	329.0707
384.501	326.2793
384.874	318.0268
385.246	313.051
385.618	321.0608
385.991	315.1141
386.363	327.9784
386.735	327.1289
387.107	329.7988
387.479	331.6192
387.851	317.42
388.223	319.8472
388.595	322.8812
388.967	314.75
389.339	321.789
389.711	312.0801
390.083	314.6287
390.454	326.0366
390.826	340.1145
391.198	329.0707
391.569	308.0752
391.941	322.8812
392.312	319.3618
392.684	322.1531
393.055	312.3228
393.427	310.381
393.798	325.0657
394.169	336.8378
394.541	336.4737
394.912	327.857
395.283	364.3867
395.654	346.3039
396.026	353.1002
396.397	341.9349
396.768	331.0124
397.139	324.4589
397.51	321.3035
397.881	323.8521
398.251	320.6967
398.622	339.6291
398.993	329.192
399.364	329.192
399.735	328.3425
400.105	331.9833
400.476	330.527
400.846	342.4204
401.217	347.8816
401.587	368.3917
401.958	349.9448
402.328	373.4888
402.699	396.4261
403.069	405.6495
403.439	423.3682
403.81	403.465
404.18	408.9263
404.55	382.3482
404.92	394.6057
405.29	381.9841
405.66	377.8578
406.03	389.3871
406.4	410.0185
406.77	403.9505
407.14	416.2079
407.51	447.2764
407.88	494.4858
408.25	593.7592
408.619	1094.0097
408.989	5641.7747
409.359	16947.6544
409.728	23601.52
410.098	18600.7141
410.467	7747.5113
410.837	2560.052
411.206	1154.4476
411.576	729.9264
411.945	761.8444
412.314	1489.647
412.683	2407.501
413.053	2416.1177
413.422	1607.0032
413.791	770.9465
414.16	502.253
414.529	424.8246
414.898	398.1251
415.267	394.727
415.636	369.9693
416.005	374.7024
416.374	370.6975
416.743	361.4741
417.111	375.7947
417.48	367.178
417.849	357.5905
418.217	360.8673
418.586	349.9448
418.955	354.4351
419.323	342.0563
419.692	341.9349
420.06	343.2699
420.428	365.9644
420.797	363.9013
421.165	357.1051
421.533	348.3671
421.902	353.707
422.27	340.2359
422.638	341.8136
423.006	342.1777
423.374	357.4692
423.742	348.4884
424.11	368.9985
424.478	357.4692
424.846	377.8578
425.214	366.5712
425.582	367.5421
425.949	370.8189
426.317	350.3088
426.685	350.1875
427.052	362.5663
427.42	355.406
427.788	354.3138
428.155	366.6926
428.523	346.9107
428.89	359.2896
429.257	364.0227
429.625	369.9693
429.992	379.0714
430.359	374.3383
430.726	380.285
431.094	373.6102
431.461	388.0522
431.828	389.6298
432.195	398.8533
432.562	396.7902
432.929	379.3142
433.296	415.4798
433.663	496.1849
434.03	535.6273
434.396	505.0443
434.763	473.369
435.13	454.0726
435.497	474.2185
435.863	488.5392
436.23	522.5203
436.596	540.239
436.963	553.4673
437.329	525.9184
437.696	564.9967
438.062	624.585
438.428	748.1306
438.795	952.0172
439.161	1250.5656
439.527	2261.5036
439.893	11758.9815
440.26	32055.535
440.626	48025.8077
440.992	50312.0083
441.358	40418.8933
441.724	18683.8465
442.09	5209.4864
442.455	2015.7474
442.821	1087.3349
443.187	813.0588
443.553	681.0179
443.919	604.9245
444.284	578.5891
444.65	528.3456
445.015	514.6318
445.381	502.617
445.746	462.3252
446.112	452.3735
446.477	434.7762
446.843	427.0091
447.208	425.4314
447.573	412.8098
447.939	400.431
448.304	396.9115
448.669	397.397
449.034	373.4888
449.399	377.0083
449.764	372.6393
450.129	374.3383
450.494	390.1153
450.859	365.6003
451.224	374.4597
451.589	369.1198
451.953	364.144
452.318	367.6635
452.683	348.9739
453.048	338.0514
453.412	359.1682
453.777	347.0321
454.141	353.4642
454.506	358.3187
454.87	354.1924
455.235	352.8574
455.599	351.5225
455.963	340.1145
456.328	362.2022
456.692	358.5614
457.056	357.4692
457.42	367.4208
457.784	351.6438
458.148	343.9981
458.512	341.2068
458.876	362.3236
459.24	346.668
459.604	357.8332
459.968	356.4983
460.332	352.8574
460.695	367.4208
461.059	354.6778
461.423	358.9255
461.787	344.1194
462.15	344.969
462.514	346.1826
462.877	349.0952
463.241	346.668
463.604	345.5758
463.967	348.7312
464.331	350.5516
464.694	350.6729
465.057	337.2018
465.421	347.6389
465.784	348.6098
466.147	365.6003
466.51	335.3814
466.873	355.5274
467.236	356.4983
467.599	354.4351
467.962	356.741
468.325	352.9788
468.688	343.9981
469.05	333.561
469.413	341.4495
469.776	341.6922
470.138	352.8574
470.501	335.9882
470.864	351.037
471.226	342.9058
471.589	358.8041
471.951	336.4737
472.313	336.595
472.676	329.5561
473.038	340.6
473.4	333.1969
473.763	335.2601
474.125	348.2457
474.487	362.6877
474.849	349.0952
475.211	338.1727
475.573	356.6196
475.935	331.7406
476.297	353.4642
476.659	342.4204
477.021	348.6098
477.383	344.4835
477.744	355.8915
478.106	334.7746
478.468	344.4835
478.829	347.8816
479.191	340.7213
479.552	354.071
479.914	343.8767
480.275	332.4688
480.637	355.406
480.998	354.5565
481.36	338.7795
481.721	352.2506
482.082	363.4158
482.443	360.5032
482.804	338.2941
483.166	342.5417
483.527	343.1485
483.888	351.7652
484.249	353.5856
484.61	345.6971
484.97	365.3576
485.331	357.7119
485.692	345.2117
486.053	341.2068
486.414	355.7701
486.774	346.5467
487.135	361.9595
487.496	343.9981
487.856	353.707
488.217	355.2847
488.577	352.9788
488.938	358.44
489.298	355.2847
489.658	351.6438
490.019	342.0563
490.379	345.2117
490.739	340.3572
491.099	350.6729
491.459	338.9009
491.819	337.93
492.179	340.1145
492.539	349.8234
492.899	347.0321
493.259	355.0419
493.619	358.6828
493.979	351.5225
494.339	374.7024
494.698	365.1149
495.058	373.8529
495.418	416.572
495.777	478.9516
496.137	540.6031
496.497	512.5687
496.856	479.6798
497.215	444.6064
497.575	420.4556
497.934	375.3092
498.293	376.0374
498.653	369.9693
499.012	360.2605
499.371	361.3527
499.73	357.7119
500.089	374.3383
500.448	360.3818
500.807	362.9304
501.166	367.0567
501.525	376.7656
501.884	365.8431
502.243	355.7701
502.602	363.4158
502.96	367.9062
503.319	345.9398
503.678	362.5663
504.036	352.372
504.395	350.3088
504.754	334.4105
505.112	348.8525
505.47	356.8623
505.829	351.1584
506.187	362.2022
506.546	362.0809
506.904	366.6926
507.262	364.144
507.62	359.0468
507.978	345.5758
508.336	341.9349
508.694	355.1633
509.052	357.9546
509.41	361.4741
509.768	362.809
510.126	341.0854
510.484	364.5081
510.842	357.1051
511.2	371.9111
511.557	350.5516
511.915	353.8283
512.273	344.6049
512.63	372.2752
512.988	362.9304
513.345	356.2555
513.703	354.3138
514.06	357.4692
514.417	347.6389
514.775	351.1584
515.132	364.5081
515.489	378.9501
515.846	368.1489
516.203	348.3671
516.56	361.11
516.918	356.4983
517.275	370.9402
517.632	358.076
517.988	355.6487
518.345	375.552
518.702	361.2313
519.059	350.4302
519.416	350.3088
519.772	354.1924
520.129	366.3285
520.486	354.6778
520.842	379.921
521.199	366.9353
521.555	374.9452
521.912	374.5811
522.268	356.8623
522.624	373.0034
522.981	381.4987
523.337	372.7607
523.693	355.0419
524.049	373.8529
524.405	366.3285
524.762	377.3724
525.118	366.2072
525.474	386.7172
525.829	373.3675
526.185	372.2752
526.541	365.9644
526.897	375.7947
527.253	367.9062
527.609	379.3142
527.964	372.1538
528.32	378.8287
528.676	380.285
529.031	365.6003
529.387	376.2801
529.742	389.9939
530.098	397.1542
530.453	396.062
530.808	414.873
531.164	394.727
531.519	408.4408
531.874	418.5138
532.229	420.4556
532.584	408.4408
532.939	411.9603
533.294	405.7709
533.649	413.4166
534.004	414.7516
534.359	409.2903
534.714	415.4798
535.069	411.8389
535.424	446.7909
535.778	431.2567
536.133	426.4023
536.488	420.5769
536.842	453.1017
537.197	452.4949
537.551	478.8303
537.906	481.0148
538.26	476.5244
538.615	486.9615
538.969	481.7429
539.323	494.6072
539.677	488.0537
540.032	495.0927
540.386	484.1702
540.74	497.5199
541.094	490.3596
541.448	484.777
541.802	515.1172
542.156	529.6806
542.51	513.6609
542.864	520.3358
543.217	523.6125
543.571	521.0639
543.925	533.4428
544.278	623.7354
544.632	807.9616
544.986	927.0168
545.339	902.1378
545.693	787.0875
546.046	742.1839
546.4	742.7907
546.753	765.7279
547.106	783.8107
547.459	832.3552
547.813	865.244
548.166	1013.5473
548.519	1222.2884
548.872	1762.7095
549.225	8463.0564
549.578	47980.9041
549.931	57108.3519
550.284	59779.3886
550.637	57056.6521
550.99	51168.6964
551.343	41556.2896
551.695	28589.4617
552.048	17497.1775
552.401	9315.8609
552.753	3988.715
553.106	2043.175
553.458	1322.5327
553.811	984.7847
554.163	839.1514
554.516	744.8538
554.868	706.1396
555.22	669.3672
555.572	648.2504
555.925	610.0216
556.277	586.963
556.629	581.3804
556.981	550.0692
557.333	565.6035
557.685	529.6806
558.037	527.4961
558.389	519.3649
558.741	491.2091
559.092	488.6605
559.444	467.5437
559.796	491.0877
560.148	470.4563
560.499	460.7475
560.851	456.1357
561.202	443.3928
561.554	450.4318
561.905	427.2518
562.257	422.0333
562.608	428.1013
562.959	420.6983
563.311	438.7811
563.662	431.4994
564.013	417.3002
564.364	421.6692
564.715	411.1108
565.066	407.9554
565.417	400.431
565.768	387.5667
566.119	397.8824
566.47	394.727
566.821	387.5667
567.172	396.1833
567.522	405.1641
567.873	386.5958
568.224	403.1009
568.574	399.9455
568.925	400.0669
569.275	391.5716
569.626	387.8094
569.976	407.9554
570.327	392.6639
570.677	399.2174
571.027	398.9747
571.377	418.1497
571.728	420.5769
572.078	393.7561
572.428	392.4212
572.778	389.3871
573.128	388.9017
573.478	407.4699
573.828	411.9603
574.178	412.9312
574.528	408.1981
574.877	396.7902
575.227	402.3728
575.577	417.4215
575.926	435.7471
576.276	464.631
576.626	423.3682
576.975	429.679
577.325	429.8004
577.674	460.262
578.023	487.2042
578.373	492.18
578.722	483.9274
579.071	485.3838
579.421	510.3842
579.77	695.2171
580.119	3712.3757
580.468	9142.9213
580.817	12820.7698
581.166	12771.0118
581.515	8329.1951
581.864	6182.317
582.213	7762.4387
582.561	12005.5872
582.91	14571.6466
583.259	13694.5698
583.608	8693.3998
583.956	5983.8916
584.305	4342.1185
584.653	3125.4734
585.002	2213.9301
585.35	1516.7105
585.699	940.2452
586.047	629.0753
586.395	513.4182
586.744	473.8545
587.092	438.2957
587.44	421.1837
587.788	409.8972
588.136	415.3584
588.484	399.5815
588.832	412.5671
589.18	397.6397
589.528	385.3822
589.876	415.9652
590.224	390.6007
590.571	403.7077
590.919	391.693
591.267	392.4212
591.615	376.4015
591.962	379.6782
592.31	378.9501
592.657	376.8869
593.005	376.5228
593.352	381.0132
593.699	363.1731
594.047	359.775
594.394	376.7656
594.741	374.9452
595.088	357.7119
595.435	370.4548
595.783	369.9693
596.13	362.5663
596.477	355.0419
596.824	372.2752
597.17	365.8431
597.517	370.0907
597.864	350.9157
598.211	338.6582
598.558	368.8771
598.904	339.3863
599.251	363.9013
599.598	360.7459
599.944	344.7262
600.291	357.7119
600.637	357.9546
600.983	376.0374
601.33	345.2117
601.676	354.5565
602.022	360.9886
602.369	361.4741
602.715	353.9497
603.061	348.7312
603.407	356.8623
603.753	366.9353
604.099	345.9398
604.445	363.9013
604.791	343.0272
605.137	351.4011
605.483	348.7312
605.828	369.848
606.174	348.7312
606.52	346.668
606.866	373.4888
607.211	362.2022
607.557	358.1973
607.902	350.7943
608.248	379.4355
608.593	352.1293
608.938	360.5032
609.284	379.0714
609.629	359.1682
609.974	352.6147
610.319	352.0079
610.665	355.8915
611.01	351.4011
611.355	351.037
611.7	359.2896
612.045	344.1194
612.39	361.4741
612.734	339.1436
613.079	344.7262
613.424	340.1145
613.769	349.2166
614.113	352.4933
614.458	367.4208
614.803	356.3769
615.147	347.1535
615.492	363.6586
615.836	358.6828
616.18	370.3334
616.525	362.0809
616.869	358.076
617.213	354.5565
617.558	360.0177
617.902	344.2408
618.246	366.0858
618.59	359.6537
618.934	350.9157
619.278	356.2555
619.622	334.1678
619.966	355.7701
620.31	351.8865
620.654	364.8722
620.997	362.0809
621.341	349.0952
621.685	354.7992
622.028	341.0854
622.372	352.7361
622.715	358.44
623.059	357.5905
623.402	338.9009
623.746	354.1924
624.089	338.9009
624.432	329.9202
624.776	359.4109
625.119	338.4155
625.462	363.2945
625.805	344.2408
626.148	352.0079
626.491	363.6586
626.834	359.5323
627.177	356.2555
627.52	371.547
627.863	347.0321
628.206	337.6873
628.549	343.8767
628.891	343.7553
629.234	363.1731
629.577	349.0952
629.919	356.741
630.262	339.265
630.604	331.7406
630.947	350.9157
631.289	350.7943
631.631	341.4495
631.974	335.6242
632.316	353.707
632.658	336.8378
633	351.2797
633.342	341.8136
633.684	349.702
634.026	353.4642
634.368	337.3232
634.71	343.7553
635.052	337.2018
635.394	343.9981
635.736	352.0079
636.078	341.4495
636.419	347.3962
636.761	351.1584
637.103	365.6003
637.444	345.9398
637.786	333.561
638.127	346.668
638.468	320.3327
638.81	346.9107
639.151	349.4593
639.492	332.7115
639.834	342.9058
640.175	339.9932
640.516	357.3478
640.857	349.4593
641.198	345.8185
641.539	335.3814
641.88	344.969
642.221	335.5028
642.562	337.3232
642.903	350.5516
643.244	353.1002
643.584	343.2699
643.925	338.5368
644.266	360.0177
644.606	338.6582
644.947	364.5081
645.287	358.8041
645.628	354.071
645.968	346.4253
646.308	339.0223
646.649	342.5417
646.989	339.0223
647.329	341.0854
647.669	343.8767
648.009	335.0173
648.35	340.7213
648.69	349.4593
649.03	344.4835
649.369	335.9882
649.709	338.9009
650.049	341.9349
650.389	332.9542
650.729	330.4056
651.068	335.2601
651.408	348.3671
651.748	347.3962
652.087	361.3527
652.427	337.0805
652.766	332.9542
653.106	349.338
653.445	352.2506
653.784	342.5417
654.124	358.5614
654.463	352.0079
654.802	346.1826
655.141	350.7943
655.48	354.9206
655.819	340.1145
656.159	364.0227
656.497	333.9251
656.836	342.5417
657.175	336.9591
657.514	326.7648
657.853	350.5516
658.192	322.7599
658.53	350.3088
658.869	348.8525
659.207	329.5561
659.546	347.6389
659.885	347.3962
660.223	335.5028
660.561	335.2601
660.9	336.4737
661.238	337.6873
661.576	351.1584
661.915	352.8574
662.253	349.2166
662.591	341.4495
662.929	341.9349
663.267	342.1777
663.605	330.6483
663.943	365.3576
664.281	338.2941
664.619	356.3769
664.956	327.7357
665.294	322.5172
665.632	347.1535
665.969	341.9349
666.307	347.2748
666.645	335.6242
666.982	338.0514
667.32	342.4204
667.657	357.1051
667.994	326.6434
668.332	344.1194
668.669	335.1387
669.006	330.8911
669.343	338.9009
669.681	335.2601
670.018	353.3429
670.355	353.8283
670.692	347.7603
671.029	343.5126
671.366	340.6
671.702	333.6824
672.039	334.4105
672.376	339.5077
672.713	343.1485
673.049	343.8767
673.386	354.1924
673.723	341.9349
674.059	337.4446
674.396	334.896
674.732	350.6729
675.068	335.9882
675.405	354.071
675.741	362.5663
676.077	352.4933
676.414	346.1826
676.75	345.6971
677.086	332.5901
677.422	346.4253
677.758	339.8718
678.094	347.6389
678.43	333.561
678.766	360.2605
679.101	326.6434
679.437	346.9107
679.773	354.4351
680.109	339.7504
680.444	348.9739
680.78	339.8718
681.115	354.5565
681.451	360.2605
681.786	335.2601
682.122	331.7406
682.457	347.7603
682.792	351.1584
683.128	353.1002
683.463	331.4979
683.798	334.0465
684.133	326.7648
684.468	330.2843
684.803	338.5368
685.138	343.3913
685.473	331.0124
685.808	339.9932
686.143	337.0805
686.478	329.9202
686.812	333.9251
687.147	348.4884
687.482	335.1387
687.816	327.2502
688.151	333.9251
688.485	338.5368
688.82	347.1535
689.154	342.9058
689.489	334.4105
689.823	344.7262
690.157	349.0952
690.491	350.6729
690.826	344.6049
691.16	344.7262
691.494	332.1047
691.828	347.7603
692.162	339.3863
692.496	344.4835
692.83	343.3913
693.164	358.6828
693.497	367.6635
693.831	404.6786
694.165	413.538
694.498	395.5765
694.832	378.7073
695.166	372.3966
695.499	365.7217
695.833	367.6635
696.166	344.8476
696.499	337.8087
696.833	354.071
697.166	346.7894
697.499	350.5516
697.832	339.7504
698.166	347.6389
698.499	352.372
698.832	365.6003
699.165	429.8004
699.498	489.0246
699.83	536.3554
700.163	503.3452
700.496	471.4272
700.829	433.5626
701.162	413.1739
701.494	385.8677
701.827	388.7803
702.159	376.8869
702.492	363.9013
702.824	343.3913
703.157	348.3671
703.489	345.6971
703.821	341.4495
704.154	349.702
704.486	327.6143
704.818	349.0952
705.15	339.0223
705.482	330.1629
705.814	342.5417
706.146	340.6
706.478	343.0272
706.81	349.4593
707.142	343.5126
707.474	340.964
707.806	350.3088
708.137	350.0661
708.469	343.7553
708.801	342.7845
709.132	380.4064
709.464	417.7856
709.795	447.155
710.127	455.5289
710.458	423.3682
710.789	399.2174
711.121	405.5282
711.452	375.552
711.783	365.6003
712.114	376.0374
712.445	359.8964
712.776	343.9981
713.107	339.265
713.438	348.6098
713.769	352.1293
714.1	328.2211
714.431	346.7894
714.761	351.037
715.092	339.3863
715.423	339.7504
715.753	332.5901
716.084	344.3622
716.414	347.5175
716.745	321.789
717.075	346.0612
717.406	345.4544
717.736	346.7894
718.066	361.4741
718.396	338.0514
718.727	325.1871
719.057	332.3474
719.387	349.5807
719.717	347.8816
720.047	351.8865
720.377	334.0465
720.707	356.3769
721.037	347.1535
721.366	335.2601
721.696	342.5417
722.026	339.6291
722.355	339.0223
722.685	336.3523
723.015	335.6242
723.344	337.2018
723.674	342.1777
724.003	334.7746
724.332	339.0223
724.662	343.5126
724.991	330.7697
725.32	324.3376
725.649	337.93
725.978	339.265
726.307	335.1387
726.636	330.4056
726.965	343.5126
727.294	335.7455
727.623	329.3134
727.952	340.964
728.281	327.2502
728.61	344.3622
728.938	334.896
729.267	335.6242
729.595	353.9497
729.924	344.4835
730.253	377.7365
730.581	369.2412
730.909	360.1391
731.238	372.882
731.566	357.3478
731.894	342.7845
732.222	339.3863
732.551	350.3088
732.879	352.6147
733.207	340.4786
733.535	351.5225
733.863	333.9251
734.191	350.0661
734.519	358.8041
734.846	340.6
735.174	348.6098
735.502	341.2068
735.829	344.6049
736.157	340.964
736.485	326.7648
736.812	335.2601
737.14	341.0854
737.467	340.3572
737.795	337.3232
738.122	331.1338
738.449	335.3814
738.776	333.9251
739.104	347.3962
739.431	363.0518
739.758	347.7603
740.085	344.4835
740.412	364.3867
740.739	430.2858
741.066	500.6753
741.393	538.4186
741.719	519.3649
742.046	490.845
742.373	442.9074
742.699	416.0866
743.026	390.1153
743.353	388.4162
743.679	378.7073
744.006	358.5614
744.332	349.0952
744.658	351.4011
744.985	323.8521
745.311	341.4495
745.637	327.7357
745.963	331.2552
746.289	343.8767
746.616	336.595
746.942	340.7213
747.268	347.2748
747.593	343.0272
747.919	348.7312
748.245	336.9591
748.571	343.634
748.897	340.7213
749.222	344.7262
749.548	335.7455
749.874	345.9398
750.199	336.3523
750.525	347.8816
750.85	356.4983
751.175	341.4495
751.501	343.1485
751.826	343.5126
752.151	346.5467
752.477	367.7848
752.802	458.0775
753.127	491.5732
753.452	516.4522
753.777	565.118
754.102	570.0938
754.427	600.6768
754.752	548.3702
755.076	517.1804
755.401	462.6892
755.726	431.3781
756.051	417.6643
756.375	389.7512
756.7	365.6003
757.024	359.0468
757.349	360.9886
757.673	340.2359
757.997	336.7164
758.322	327.3716
758.646	328.4638
758.97	344.2408
759.294	358.6828
759.619	339.6291
759.943	331.0124
760.267	320.2113
760.591	341.8136
760.915	344.8476
761.238	337.2018
761.562	333.6824
761.886	345.333
762.21	332.9542
762.534	350.3088
762.857	334.896
763.181	347.5175
763.504	355.406
763.828	343.8767
764.151	337.6873
764.475	341.8136
764.798	342.7845
765.121	351.6438
765.444	431.8635
765.768	682.1101
766.091	896.3125
766.414	1064.519
766.737	990.9742
767.06	867.0645
767.383	725.072
767.706	638.056
768.029	546.5498
768.351	491.4518
768.674	433.5626
768.997	388.5376
769.32	372.3966
769.642	363.6586
769.965	336.3523
770.287	349.4593
770.61	348.003
770.932	343.634
771.255	331.6192
771.577	350.4302
771.899	340.8427
772.221	327.7357
772.543	317.6627
772.866	328.3425
773.188	363.5372
773.51	344.4835
773.832	333.0756
774.154	334.5319
774.475	406.6204
774.797	500.4325
775.119	562.4481
775.441	590.8466
775.762	535.5059
776.084	497.0344
776.406	455.6503
776.727	422.7614
777.049	390.2367
777.37	378.4646
777.691	365.1149
778.013	366.9353
778.334	347.8816
778.655	336.1096
778.976	345.6971
779.298	338.5368
779.619	340.4786
779.94	333.561
780.261	335.9882
780.582	348.8525
780.903	340.3572
781.223	331.862
781.544	319.8472
781.865	326.7648
782.186	314.75
782.506	323.2453
782.827	336.231
783.147	328.4638
783.468	332.7115
783.788	324.0948
784.109	357.7119
784.429	335.1387
784.749	333.3183
785.07	341.2068
785.39	334.6533
785.71	341.8136
786.03	336.9591
786.35	351.2797
786.67	329.5561
786.99	340.2359
787.31	330.6483
787.63	321.4249
787.95	325.4298
788.269	325.9153
788.589	351.037
788.909	337.0805
789.228	327.0075
789.548	352.8574
789.867	317.42
790.187	322.1531
790.506	344.6049
790.826	338.0514
791.145	338.9009
791.464	344.3622
791.783	337.8087
792.102	346.0612
792.422	341.9349
792.741	340.4786
793.06	349.338
793.379	333.561
793.697	338.6582
794.016	333.0756
794.335	354.071
794.654	343.0272
794.973	356.0128
795.291	356.6196
795.61	328.5852
795.928	331.7406
796.247	348.3671
796.565	361.4741
796.884	410.868
797.202	460.8688
797.52	503.8307
797.839	508.9278
798.157	472.5195
798.475	444.6064
798.793	404.3145
799.111	388.9017
799.429	355.0419
799.747	354.7992
800.065	342.0563
800.383	340.3572
800.701	337.2018
801.019	323.2453
801.336	336.9591
801.654	331.7406
801.972	351.7652
802.289	354.1924
802.607	354.6778
802.924	395.5765
803.242	440.7229
803.559	492.3013
803.876	519.8503
804.194	537.4477
804.511	524.8261
804.828	483.9274
805.145	464.7524
805.462	389.9939
805.779	398.4892
806.096	359.775
806.413	338.0514
806.73	345.5758
807.047	335.3814
807.363	348.8525
807.68	318.0268
807.997	328.2211
808.313	326.8862
808.63	351.7652
808.947	332.3474
809.263	331.2552
809.579	338.6582
809.896	342.5417
810.212	348.3671
810.528	344.6049
810.845	340.7213
811.161	333.561
811.477	358.1973
811.793	351.8865
812.109	369.7266
812.425	463.9028
812.741	517.4231
813.057	587.9339
813.373	764.0289
813.688	1008.6929
814.004	1181.8752
814.32	1255.42
814.635	1077.9901
814.951	935.0267
815.266	741.8198
815.582	596.5505
815.897	497.7626
816.213	427.8586
816.528	395.0911
816.843	371.7898
817.158	365.1149
817.474	354.6778
817.789	327.0075
818.104	338.7795
818.419	340.4786
818.734	347.2748
819.049	336.8378
819.364	340.6
819.678	348.2457
819.993	337.3232
820.308	325.3085
820.622	348.2457
820.937	341.4495
821.252	343.2699
821.566	341.8136
821.881	333.6824
822.195	342.9058
822.509	341.5708
822.824	326.7648
823.138	335.9882
823.452	349.702
823.766	325.1871
824.08	312.4442
824.395	344.7262
824.709	340.3572
825.022	324.823
825.336	346.668
825.65	347.8816
825.964	347.7603
826.278	341.3281
826.592	334.1678
826.905	342.4204
827.219	324.7017
827.532	316.6918
827.846	330.527
828.159	369.3625
828.473	408.3195
828.786	458.4416
829.099	482.3497
829.413	438.7811
829.726	427.7372
830.039	402.2514
830.352	385.2608
830.665	357.1051
830.978	343.1485
831.291	340.3572
831.604	350.0661
831.917	340.7213
832.23	337.5659
832.542	343.634
832.855	316.085
833.168	327.857
833.48	329.6775
833.793	333.9251
834.105	339.1436
834.418	327.3716
834.73	317.42
835.043	333.1969
835.355	336.4737
835.667	331.0124
835.979	334.7746
836.291	328.2211
836.604	332.3474
836.916	323.0026
837.228	323.6094
837.539	328.3425
837.851	339.1436
838.163	336.595
838.475	329.3134
838.787	325.6725
839.098	335.7455
839.41	337.4446
839.722	349.8234
840.033	342.6631
840.345	320.6967
840.656	333.561
840.967	338.4155
841.279	337.93
841.59	329.5561
841.901	340.6
842.212	339.6291
842.524	394.8484
842.835	456.3785
843.146	511.355
843.457	531.1369
843.768	493.0295
844.079	491.9373
844.389	579.1959
844.7	621.915
845.011	621.1868
845.321	554.8023
845.632	508.321
845.943	448.6113
846.253	410.7467
846.564	374.0956
846.874	343.7553
847.184	332.4688
847.495	331.7406
847.805	355.406
848.115	348.4884
848.425	344.7262
848.736	353.5856
849.046	344.3622
849.356	335.1387
849.666	320.5754
849.975	335.9882
850.285	331.862
850.595	336.595
850.905	323.7308
851.215	347.2748
851.524	344.1194
851.834	328.2211
852.143	342.5417
852.453	344.8476
852.762	342.4204
853.072	335.7455
853.381	342.4204
853.69	341.2068
854	383.8045
854.309	383.8045
854.618	393.6348
854.927	398.7319
855.236	370.4548
855.545	360.0177
855.854	348.003
856.163	338.4155
856.472	325.1871
856.781	320.454
857.089	330.4056
857.398	320.3327
857.707	315.8423
858.015	327.493
858.324	341.6922
858.632	328.2211
858.941	332.8328
859.249	327.3716
859.557	326.0366
859.866	333.4397
860.174	337.0805
860.482	335.3814
860.79	343.634
861.098	311.9587
861.406	316.2064
861.714	330.4056
862.022	348.003
862.33	345.9398
862.638	337.0805
862.946	340.4786
863.253	331.6192
863.561	336.9591
863.869	321.5463
864.176	318.1482
864.484	333.4397
864.791	336.595
865.098	331.7406
865.406	331.9833
865.713	332.226
866.02	326.8862
866.328	324.4589
866.635	333.3183
866.942	345.0903
867.249	314.386
867.556	346.5467
867.863	331.3765
868.17	339.7504
868.476	334.2892
868.783	339.8718
869.09	344.2408
869.397	359.2896
869.703	325.1871
870.01	329.3134
870.316	343.0272
870.623	320.0899
870.929	327.2502
871.236	335.7455
871.542	326.4007
871.848	327.3716
872.155	333.9251
872.461	331.9833
872.767	336.1096
873.073	313.5364
873.379	324.3376
873.685	330.527
873.991	338.6582
874.297	321.1822
874.602	329.4347
874.908	346.668
875.214	332.1047
875.52	337.3232
875.825	334.2892
876.131	334.6533
876.436	330.6483
876.742	354.9206
877.047	334.4105
877.352	339.265
877.658	327.0075
877.963	323.0026
878.268	318.8763
878.573	339.1436
878.878	333.0756
879.183	327.857
879.488	328.5852
879.793	319.119
880.098	337.93
880.403	336.595
880.708	319.4831
881.013	336.1096
881.317	321.9103
881.622	333.4397
881.926	325.1871
882.231	321.9103
882.535	330.7697
882.84	326.0366
883.144	314.386
883.449	334.1678
883.753	334.1678
884.057	332.8328
884.361	340.7213
884.665	333.1969
884.969	339.9932
885.273	313.5364
885.577	328.4638
885.881	338.0514
886.185	339.6291
886.489	335.2601
886.793	335.7455
887.096	308.682
887.4	336.4737
887.703	328.4638
888.007	340.8427
888.31	330.6483
888.614	329.0707
888.917	334.6533
889.221	327.1289
889.524	324.5803
889.827	332.4688
890.13	331.2552
890.433	342.5417
890.736	321.3035
891.04	321.5463
891.342	325.1871
891.645	332.1047
891.948	342.1777
892.251	322.3958
892.554	349.2166
892.857	324.5803
893.159	321.5463
893.462	343.7553
893.764	327.493
894.067	331.7406
894.369	342.4204
894.672	321.4249
894.974	336.595
895.276	309.0461
895.579	326.0366
895.881	299.0945
896.183	326.5221
896.485	337.5659
896.787	337.8087
897.089	328.8279
897.391	327.1289
897.693	333.6824
897.995	328.2211
898.296	328.2211
898.598	317.1773
898.9	327.7357
899.201	318.755
899.503	329.9202
899.804	336.4737
900.106	323.3667
900.407	333.9251
900.709	330.527
901.01	342.5417
901.311	325.9153
901.612	312.3228
901.914	324.3376
902.215	309.1674
902.516	318.2695
902.817	339.265
903.118	319.7258
903.418	322.1531
903.719	335.7455
904.02	326.158
904.321	319.3618
904.621	329.6775
904.922	329.6775
905.223	352.1293
905.523	328.0998
905.824	343.634
906.124	321.4249
906.424	320.0899
906.725	333.9251
907.025	325.5512
907.325	338.9009
907.625	330.0415
907.925	322.5172
908.225	321.3035
908.525	322.2744
908.825	328.3425
909.125	325.0657
909.425	333.3183
909.725	329.4347
910.025	324.9444
910.324	336.9591
910.624	326.7648
910.924	328.9493
911.223	321.5463
911.523	315.5996
911.822	320.5754
912.121	313.4151
912.421	326.0366
912.72	327.493
913.019	336.595
913.318	334.1678
913.617	368.3917
913.916	393.2707
914.215	398.4892
914.514	399.5815
914.813	395.9406
915.112	395.8193
915.411	348.7312
915.71	368.0276
916.008	357.8332
916.307	344.7262
916.606	346.1826
916.904	333.9251
917.203	334.1678
917.501	314.6287
917.799	336.231
918.098	337.8087
918.396	324.0948
918.694	326.7648
918.992	325.1871
919.29	322.6385
919.588	311.2306
919.886	335.5028
920.184	337.4446
920.482	335.5028
920.78	320.5754
921.078	324.0948
921.376	327.857
921.673	331.4979
921.971	322.1531
922.269	326.8862
922.566	331.1338
922.864	330.6483
923.161	318.3909
923.458	330.6483
923.756	326.0366
924.053	325.4298
924.35	335.9882
924.647	338.5368
924.944	339.7504
925.241	340.4786
925.538	331.7406
925.835	342.9058
926.132	331.0124
926.429	329.9202
926.726	334.1678
927.023	337.3232
927.319	329.6775
927.616	336.3523
927.913	336.231
928.209	331.0124
928.506	331.0124
928.802	321.3035
929.098	323.3667
929.395	329.0707
929.691	324.9444
929.987	313.5364
930.283	319.8472
930.579	333.4397
930.875	332.4688
931.171	323.8521
931.467	344.1194
931.763	322.6385
932.059	329.7988
932.355	325.9153
932.651	332.4688
932.946	331.1338
933.242	314.2646
933.537	315.7209
933.833	330.0415
934.128	330.527
934.424	325.5512
934.719	342.299
935.014	340.2359
935.31	330.1629
935.605	330.1629
935.9	322.5172
936.195	341.9349
936.49	340.3572
936.785	315.7209
937.08	317.9054
937.375	349.4593
937.67	322.3958
937.965	316.4491
938.259	316.8132
938.554	322.1531
938.849	316.2064
939.143	328.7066
939.438	330.4056
939.732	329.7988
940.027	325.4298
940.321	331.1338
940.615	311.8374
940.91	330.4056
941.204	323.6094
941.498	319.3618
941.792	332.226
942.086	320.5754
942.38	334.4105
942.674	341.8136
942.968	325.9153
943.262	316.2064
943.555	336.3523
943.849	335.2601
944.143	325.5512
944.436	327.1289
944.73	322.1531
945.023	314.9928
945.317	337.0805
945.61	318.6336
945.904	322.2744
946.197	333.4397
946.49	335.5028
946.783	330.527
947.076	320.5754
947.369	334.2892
947.662	326.4007
947.955	323.488
948.248	313.9005
948.541	328.2211
948.834	331.4979
949.127	333.8037
949.42	327.857
949.712	310.6238
950.005	329.6775
950.297	328.2211
950.59	321.4249
950.882	327.3716
951.175	317.42
951.467	323.124
951.759	329.0707
952.051	332.3474
952.344	323.2453
952.636	326.8862
952.928	317.5413
953.22	323.7308
953.512	324.4589
953.804	323.2453
954.095	326.158
954.387	329.7988
954.679	330.0415
954.971	335.5028
955.262	330.7697
955.554	333.6824
955.845	320.6967
956.137	324.7017
956.428	320.8181
956.72	314.8714
957.011	330.4056
957.302	311.9587
957.593	327.0075
957.885	316.6918
958.176	327.6143
958.467	331.6192
958.758	316.085
959.049	327.1289
959.34	322.5172
959.63	323.9735
959.921	337.3232
960.212	316.085
960.503	320.0899
960.793	321.0608
961.084	323.488
961.374	328.7066
961.665	328.3425
961.955	330.2843
962.245	330.2843
962.536	320.8181
962.826	345.5758
963.116	314.0219
963.406	323.6094
963.696	325.3085
963.986	316.6918
964.276	323.3667
964.566	327.493
964.856	325.4298
965.146	315.3568
965.436	323.488
965.725	322.8812
966.015	316.3277
966.305	323.9735
966.594	325.5512
966.884	327.857
967.173	320.0899
967.463	313.9005
967.752	347.3962
968.041	303.8275
968.33	331.7406
968.62	324.0948
968.909	326.158
969.198	328.3425
969.487	327.857
969.776	320.9395
970.065	330.8911
970.353	314.2646
970.642	323.9735
970.931	330.0415
971.22	333.9251
971.508	325.9153
971.797	312.9296
972.085	324.0948
972.374	322.0317
972.662	339.7504
972.951	310.8665
973.239	326.7648
973.527	312.0801
973.815	328.3425
974.103	310.5024
974.392	332.9542
974.68	305.8907
974.968	328.8279
975.255	318.8763
975.543	328.0998
975.831	338.4155
976.119	324.3376
976.407	316.8132
976.694	335.1387
976.982	321.9103
977.269	318.755
977.557	314.2646
977.844	318.6336
978.132	322.1531
978.419	320.6967
978.706	322.5172
978.994	330.4056
979.281	315.1141
979.568	327.7357
979.855	316.9345
980.142	338.7795
980.429	324.2162
980.716	317.6627
981.003	323.8521
981.289	317.0559
981.576	331.9833
981.863	305.4052
982.149	326.0366
982.436	334.5319
982.723	327.493
983.009	325.0657
983.295	315.4782
983.582	317.6627
983.868	311.5947
984.154	325.7939
984.441	333.6824
984.727	323.8521
985.013	325.9153
985.299	313.7792
985.585	328.3425
985.871	320.9395
986.157	327.493
986.442	328.9493
986.728	311.9587
987.014	326.6434
987.299	314.1432
987.585	343.7553
987.871	317.6627
988.156	320.3327
988.442	310.8665
988.727	317.7841
989.012	330.2843
989.298	321.5463
989.583	338.9009
989.868	327.0075
990.153	322.6385
990.438	319.4831
990.723	320.5754
991.008	324.0948
991.293	324.5803
991.578	330.2843
991.863	335.5028
992.147	314.6287
992.432	334.0465
992.717	319.9686
993.001	319.6045
993.286	319.7258
993.57	312.3228
993.854	333.1969
994.139	327.1289
994.423	331.1338
994.707	320.9395
994.991	326.7648
995.276	328.0998
995.56	320.8181
995.844	309.6529
996.128	323.124
996.412	316.085
996.695	321.5463
996.979	332.1047
997.263	324.2162
997.547	334.6533
997.83	329.7988
998.114	326.8862
998.397	320.5754
998.681	330.4056
998.964	328.8279
999.248	318.2695
999.531	327.1289
999.814	322.3958
1000.097	319.6045
1000.381	327.9784
1000.664	336.4737
1000.947	327.493
1001.23	317.7841
1001.513	325.3085
1001.795	328.9493
1002.078	324.3376
1002.361	325.7939
1002.644	334.7746
1002.926	323.488
1003.209	325.9153
1003.492	310.017
1003.774	320.8181
1004.057	333.561
1004.339	332.4688
1004.621	329.7988
1004.903	323.124
1005.186	321.5463
1005.468	319.7258
1005.75	318.2695
1006.032	313.6578
1006.314	320.9395
1006.596	313.9005
1006.878	310.1383
1007.16	322.1531
1007.441	343.1485
1007.723	324.4589
1008.005	310.8665
1008.286	331.0124
1008.568	321.789
1008.849	339.5077
1009.131	346.1826
1009.412	328.9493
1009.694	316.2064
1009.975	312.5655
1010.256	317.0559
1010.537	310.9878
1010.818	328.3425
1011.1	318.6336
1011.381	320.0899
1011.662	314.6287
1011.942	322.5172
1012.223	330.1629
1012.504	338.2941
1012.785	327.857
1013.065	326.0366
1013.346	331.0124
1013.627	322.6385
1013.907	324.7017
1014.188	327.2502
1014.468	317.6627
1014.748	327.6143
1015.029	313.5364
1015.309	319.7258
1015.589	325.5512
1015.869	331.0124
1016.149	300.7935
1016.429	311.8374
1016.709	325.0657
1016.989	322.0317
1017.269	328.4638
1017.549	328.4638
1017.829	328.4638
