297.849	-216.7434
297.92	-216.7434
297.991	-216.7434
298.062	-155.3043
298.133	12.6291
298.204	-38.5701
298.275	0.3413
298.346	-1.7066
298.417	-42.666
298.488	30.0369
298.559	-18.0904
298.63	80.2121
298.701	-75.4335
298.772	43.3487
298.843	-25.2583
298.914	-34.4741
298.985	82.2601
299.056	48.4686
299.127	86.356
299.198	-61.0977
299.268	80.2121
299.339	56.6605
299.41	-24.2343
299.481	117.0755
299.552	-0.6827
299.623	52.5645
299.694	55.6365
299.765	-38.5701
299.836	12.6291
299.907	59.7324
299.977	57.6845
300.048	38.2287
300.119	69.9723
300.19	24.917
300.261	32.0848
300.332	12.6291
300.402	52.5645
300.473	-24.2343
300.544	-34.4741
300.615	-22.1863
300.686	51.5405
300.756	-16.0424
300.827	34.1328
300.898	27.9889
300.969	45.3966
301.04	-20.1384
301.11	-44.714
301.181	-37.5461
301.252	33.1088
301.323	7.5092
301.393	-12.9705
301.464	41.3007
301.535	10.5812
301.606	-10.9225
301.676	43.3487
301.747	-24.2343
301.818	80.2121
301.888	110.9316
301.959	36.1808
302.03	-15.0184
302.1	-50.8579
302.171	3.4133
302.242	6.4852
302.312	-22.1863
302.383	87.38
302.454	-12.9705
302.524	8.5332
302.595	32.0848
302.666	40.2767
302.736	1.3653
302.807	131.4113
302.878	40.2767
302.948	57.6845
303.019	69.9723
303.089	81.2361
303.16	26.9649
303.231	-22.1863
303.301	76.1162
303.372	-37.5461
303.442	14.6771
303.513	27.9889
303.583	11.6052
303.654	39.2527
303.724	-5.8026
303.795	68.9483
303.866	4.4373
303.936	47.4446
304.007	120.1475
304.077	-22.1863
304.148	-38.5701
304.218	2.3893
304.289	40.2767
304.359	-33.4502
304.43	-1.7066
304.5	1.3653
304.57	29.0129
304.641	-1.7066
304.711	14.6771
304.782	67.9243
304.852	15.7011
304.923	13.6531
304.993	0.3413
305.064	77.1402
305.134	31.0609
305.204	57.6845
305.275	60.7564
305.345	20.821
305.416	55.6365
305.486	12.6291
305.556	-7.8505
305.627	6.4852
305.697	24.917
305.768	13.6531
305.838	64.8523
305.908	42.3247
305.979	-7.8505
306.049	4.4373
306.119	54.6125
306.19	0.3413
306.26	56.6605
306.33	31.0609
306.401	-0.6827
306.471	77.1402
306.541	26.9649
306.611	80.2121
306.682	-27.3063
306.752	74.0682
306.822	90.452
306.893	59.7324
306.963	55.6365
307.033	30.0369
307.103	-16.0424
307.174	45.3966
307.244	65.8763
307.314	48.4686
307.384	27.9889
307.455	58.7084
307.525	-23.2103
307.595	107.8597
307.665	31.0609
307.735	57.6845
307.806	42.3247
307.876	-29.3542
307.946	11.6052
308.016	51.5405
308.086	106.8357
308.156	36.1808
308.227	78.1641
308.297	76.1162
308.367	-9.8985
308.437	-23.2103
308.507	39.2527
308.577	-43.69
308.647	26.9649
308.717	51.5405
308.788	36.1808
308.858	-19.1144
308.928	25.9409
308.998	-8.8745
309.068	12.6291
309.138	2.3893
309.208	13.6531
309.278	30.0369
309.348	-36.5221
309.418	81.2361
309.488	3.4133
309.558	70.9962
309.628	5.4612
309.698	-22.1863
309.768	26.9649
309.838	-22.1863
309.908	64.8523
309.978	48.4686
310.048	131.4113
310.118	-39.5941
310.188	32.0848
310.258	65.8763
310.328	41.3007
310.398	3.4133
310.468	34.1328
310.538	35.1568
310.608	64.8523
310.678	56.6605
310.748	43.3487
310.818	77.1402
310.888	92.4999
310.958	0.3413
311.028	84.308
311.098	46.4206
311.168	31.0609
311.237	56.6605
311.307	-17.0664
311.377	15.7011
311.447	93.5239
311.517	75.0922
311.587	72.0202
311.657	10.5812
311.727	100.6918
311.796	33.1088
311.866	85.332
311.936	-9.8985
312.006	27.9889
312.076	-5.8026
312.146	22.869
312.215	-28.3302
312.285	0.3413
312.355	61.7804
312.425	25.9409
312.495	125.2674
312.564	83.2841
312.634	77.1402
312.704	55.6365
312.774	-6.8266
312.843	18.773
312.913	95.5719
312.983	98.6438
313.053	59.7324
313.122	122.1955
313.192	202.0662
313.262	599.3722
313.331	891.2077
313.401	1070.405
313.471	1020.2298
313.541	965.9586
313.61	636.2356
313.68	258.3854
313.75	193.8744
313.819	502.0937
313.889	1194.3071
313.959	1690.9395
314.028	1751.3546
314.098	1697.0834
314.168	1468.7349
314.237	807.241
314.307	258.3854
314.376	157.0109
314.446	70.9962
314.516	157.0109
314.585	69.9723
314.655	98.6438
314.724	46.4206
314.794	15.7011
314.864	32.0848
314.933	12.6291
315.003	75.0922
315.072	89.428
315.142	8.5332
315.211	16.7251
315.281	-20.1384
315.351	-35.4981
315.42	-5.8026
315.49	-5.8026
315.559	29.0129
315.629	95.5719
315.698	17.7491
315.768	92.4999
315.837	21.845
315.907	64.8523
315.976	-10.9225
316.046	-15.0184
316.115	50.5166
316.185	-17.0664
316.254	-40.618
316.323	-0.6827
316.393	1.3653
316.462	42.3247
316.532	-34.4741
316.601	6.4852
316.671	12.6291
316.74	17.7491
316.809	9.5572
316.879	-2.7306
316.948	31.0609
317.018	39.2527
317.087	-21.1623
317.156	30.0369
317.226	36.1808
317.295	100.6918
317.364	-34.4741
317.434	12.6291
317.503	64.8523
317.573	-24.2343
317.642	-1.7066
317.711	86.356
317.781	13.6531
317.85	37.2048
317.919	61.7804
317.988	42.3247
318.058	-31.4022
318.127	34.1328
318.196	5.4612
318.266	68.9483
318.335	1.3653
318.404	50.5166
318.473	1.3653
318.543	87.38
318.612	53.5885
318.681	-10.9225
318.75	-8.8745
318.82	48.4686
318.889	50.5166
318.958	75.0922
319.027	-17.0664
319.097	51.5405
319.166	18.773
319.235	21.845
319.304	58.7084
319.373	55.6365
319.443	69.9723
319.512	37.2048
319.581	60.7564
319.65	77.1402
319.719	37.2048
319.788	-9.8985
319.857	51.5405
319.927	35.1568
319.996	78.1641
320.065	29.0129
320.134	7.5092
320.203	69.9723
320.272	69.9723
320.341	9.5572
320.41	94.5479
320.479	-9.8985
320.549	12.6291
320.618	50.5166
320.687	-19.1144
320.756	67.9243
320.825	34.1328
320.894	49.4926
320.963	42.3247
321.032	-23.2103
321.101	3.4133
321.17	48.4686
321.239	45.3966
321.308	128.3394
321.377	-21.1623
321.446	14.6771
321.515	43.3487
321.584	55.6365
321.653	89.428
321.722	61.7804
321.791	53.5885
321.86	-1.7066
321.929	41.3007
321.998	-5.8026
322.067	-10.9225
322.136	9.5572
322.205	3.4133
322.274	51.5405
322.343	39.2527
322.412	30.0369
322.48	-4.7786
322.549	10.5812
322.618	27.9889
322.687	33.1088
322.756	46.4206
322.825	49.4926
322.894	43.3487
322.963	35.1568
323.032	38.2287
323.1	97.6198
323.169	40.2767
323.238	6.4852
323.307	6.4852
323.376	-51.8819
323.445	41.3007
323.513	14.6771
323.582	68.9483
323.651	-2.7306
323.72	68.9483
323.789	-4.7786
323.857	-39.5941
323.926	51.5405
323.995	9.5572
324.064	78.1641
324.133	51.5405
324.201	66.9003
324.27	17.7491
324.339	42.3247
324.408	72.0202
324.476	25.9409
324.545	3.4133
324.614	40.2767
324.682	7.5092
324.751	11.6052
324.82	25.9409
324.889	8.5332
324.957	43.3487
325.026	49.4926
325.095	74.0682
325.163	48.4686
325.232	-23.2103
325.301	33.1088
325.369	59.7324
325.438	70.9962
325.507	12.6291
325.575	21.845
325.644	57.6845
325.713	-18.0904
325.781	62.8044
325.85	15.7011
325.918	-21.1623
325.987	82.2601
326.056	55.6365
326.124	34.1328
326.193	-26.2823
326.261	67.9243
326.33	-7.8505
326.399	50.5166
326.467	-0.6827
326.536	17.7491
326.604	0.3413
326.673	3.4133
326.741	21.845
326.81	24.917
326.878	23.893
326.947	-7.8505
327.015	4.4373
327.084	-6.8266
327.152	38.2287
327.221	14.6771
327.289	-3.7546
327.358	32.0848
327.426	7.5092
327.495	-10.9225
327.563	83.2841
327.632	61.7804
327.7	18.773
327.769	8.5332
327.837	105.8117
327.905	-17.0664
327.974	7.5092
328.042	40.2767
328.111	-39.5941
328.179	137.5552
328.248	10.5812
328.316	37.2048
328.384	12.6291
328.453	25.9409
328.521	61.7804
328.59	47.4446
328.658	-15.0184
328.726	31.0609
328.795	46.4206
328.863	55.6365
328.931	13.6531
329	5.4612
329.068	39.2527
329.136	66.9003
329.205	19.797
329.273	15.7011
329.341	46.4206
329.41	-39.5941
329.478	-6.8266
329.546	-1.7066
329.614	51.5405
329.683	56.6605
329.751	11.6052
329.819	40.2767
329.887	14.6771
329.956	30.0369
330.024	0.3413
330.092	51.5405
330.16	-40.618
330.229	-59.0498
330.297	3.4133
330.365	81.2361
330.433	38.2287
330.502	76.1162
330.57	-20.1384
330.638	14.6771
330.706	67.9243
330.774	50.5166
330.842	14.6771
330.911	8.5332
330.979	61.7804
331.047	50.5166
331.115	60.7564
331.183	51.5405
331.251	27.9889
331.32	-6.8266
331.388	64.8523
331.456	-9.8985
331.524	66.9003
331.592	-7.8505
331.66	79.1881
331.728	39.2527
331.796	83.2841
331.864	77.1402
331.932	58.7084
332.001	-4.7786
332.069	-8.8745
332.137	-15.0184
332.205	-3.7546
332.273	30.0369
332.341	16.7251
332.409	-42.666
332.477	44.3727
332.545	1.3653
332.613	83.2841
332.681	112.9796
332.749	-20.1384
332.817	8.5332
332.885	50.5166
332.953	17.7491
333.021	-5.8026
333.089	50.5166
333.157	48.4686
333.225	-37.5461
333.293	-45.738
333.361	-11.9465
333.429	-70.3136
333.497	57.6845
333.565	57.6845
333.632	57.6845
333.7	38.2287
333.768	4.4373
333.836	-2.7306
333.904	43.3487
333.972	82.2601
334.04	70.9962
334.108	46.4206
334.176	60.7564
334.244	68.9483
334.311	109.9077
334.379	79.1881
334.447	40.2767
334.515	125.2674
334.583	6.4852
334.651	65.8763
334.718	77.1402
334.786	88.404
334.854	185.6825
334.922	317.7765
334.99	419.1509
335.058	471.3741
335.125	458.0623
335.193	441.6786
335.261	270.6732
335.329	103.7637
335.396	68.9483
335.464	16.7251
335.532	49.4926
335.6	101.7158
335.667	42.3247
335.735	98.6438
335.803	18.773
335.871	53.5885
335.938	41.3007
336.006	79.1881
336.074	5.4612
336.142	9.5572
336.209	46.4206
336.277	78.1641
336.345	-12.9705
336.412	19.797
336.48	52.5645
336.548	27.9889
336.615	11.6052
336.683	20.821
336.751	98.6438
336.818	-9.8985
336.886	-13.9945
336.953	90.452
337.021	-10.9225
337.089	-28.3302
337.156	34.1328
337.224	29.0129
337.292	5.4612
337.359	-12.9705
337.427	61.7804
337.494	60.7564
337.562	-8.8745
337.629	87.38
337.697	-54.9538
337.765	44.3727
337.832	0.3413
337.9	61.7804
337.967	58.7084
338.035	16.7251
338.102	74.0682
338.17	13.6531
338.237	3.4133
338.305	58.7084
338.372	-9.8985
338.44	90.452
338.507	68.9483
338.575	63.8284
338.642	44.3727
338.71	-8.8745
338.777	13.6531
338.845	16.7251
338.912	37.2048
338.98	2.3893
339.047	67.9243
339.114	19.797
339.182	68.9483
339.249	45.3966
339.317	64.8523
339.384	2.3893
339.452	10.5812
339.519	-32.4262
339.586	74.0682
339.654	94.5479
339.721	73.0442
339.788	9.5572
339.856	64.8523
339.923	9.5572
339.991	127.3154
340.058	61.7804
340.125	70.9962
340.193	31.0609
340.26	25.9409
340.327	46.4206
340.395	40.2767
340.462	23.893
340.529	125.2674
340.597	-12.9705
340.664	83.2841
340.731	67.9243
340.798	4.4373
340.866	46.4206
340.933	31.0609
341	116.0516
341.067	76.1162
341.135	-5.8026
341.202	54.6125
341.269	48.4686
341.336	40.2767
341.404	53.5885
341.471	73.0442
341.538	13.6531
341.605	12.6291
341.673	22.869
341.74	19.797
341.807	-3.7546
341.874	48.4686
341.941	57.6845
342.008	23.893
342.076	33.1088
342.143	-7.8505
342.21	16.7251
342.277	68.9483
342.344	82.2601
342.411	33.1088
342.479	75.0922
342.546	-10.9225
342.613	102.7398
342.68	-3.7546
342.747	-37.5461
342.814	103.7637
342.881	-0.6827
342.948	29.0129
343.015	4.4373
343.082	24.917
343.15	116.0516
343.217	18.773
343.284	57.6845
343.351	-10.9225
343.418	111.9556
343.485	27.9889
343.552	3.4133
343.619	82.2601
343.686	87.38
343.753	64.8523
343.82	49.4926
343.887	16.7251
343.954	123.2195
344.021	38.2287
344.088	45.3966
344.155	38.2287
344.222	108.8837
344.289	30.0369
344.356	97.6198
344.423	97.6198
344.49	40.2767
344.557	95.5719
344.624	58.7084
344.691	2.3893
344.757	24.917
344.824	37.2048
344.891	-17.0664
344.958	60.7564
345.025	67.9243
345.092	-27.3063
345.159	65.8763
345.226	10.5812
345.293	16.7251
345.36	50.5166
345.426	58.7084
345.493	97.6198
345.56	24.917
345.627	81.2361
345.694	64.8523
345.761	-0.6827
345.828	57.6845
345.894	25.9409
345.961	49.4926
346.028	41.3007
346.095	12.6291
346.162	85.332
346.228	48.4686
346.295	-19.1144
346.362	27.9889
346.429	54.6125
346.496	26.9649
346.562	43.3487
346.629	42.3247
346.696	-40.618
346.763	27.9889
346.829	36.1808
346.896	5.4612
346.963	13.6531
347.029	-8.8745
347.096	65.8763
347.163	80.2121
347.23	124.2434
347.296	-19.1144
347.363	55.6365
347.43	91.4759
347.496	65.8763
347.563	77.1402
347.63	-64.1697
347.696	66.9003
347.763	27.9889
347.83	43.3487
347.896	84.308
347.963	64.8523
348.03	70.9962
348.096	-11.9465
348.163	100.6918
348.229	9.5572
348.296	82.2601
348.363	68.9483
348.429	67.9243
348.496	16.7251
348.562	56.6605
348.629	13.6531
348.696	6.4852
348.762	19.797
348.829	-11.9465
348.895	-52.9059
348.962	91.4759
349.028	42.3247
349.095	100.6918
349.161	-15.0184
349.228	43.3487
349.294	21.845
349.361	52.5645
349.427	2.3893
349.494	54.6125
349.56	100.6918
349.627	93.5239
349.693	29.0129
349.76	45.3966
349.826	77.1402
349.893	15.7011
349.959	-48.8099
350.026	20.821
350.092	-0.6827
350.159	92.4999
350.225	133.4593
350.291	3.4133
350.358	31.0609
350.424	53.5885
350.491	68.9483
350.557	84.308
350.623	57.6845
350.69	107.8597
350.756	79.1881
350.823	112.9796
350.889	90.452
350.955	86.356
351.022	50.5166
351.088	68.9483
351.154	1.3653
351.221	-13.9945
351.287	-16.0424
351.353	97.6198
351.42	-7.8505
351.486	-12.9705
351.552	31.0609
351.619	63.8284
351.685	76.1162
351.751	26.9649
351.818	57.6845
351.884	22.869
351.95	82.2601
352.016	49.4926
352.083	-32.4262
352.149	6.4852
352.215	50.5166
352.281	72.0202
352.348	-2.7306
352.414	95.5719
352.48	56.6605
352.546	97.6198
352.613	42.3247
352.679	58.7084
352.745	-33.4502
352.811	41.3007
352.877	51.5405
352.943	77.1402
353.01	85.332
353.076	55.6365
353.142	85.332
353.208	110.9316
353.274	-59.0498
353.34	61.7804
353.407	10.5812
353.473	-24.2343
353.539	47.4446
353.605	26.9649
353.671	40.2767
353.737	76.1162
353.803	48.4686
353.869	51.5405
353.936	38.2287
354.002	8.5332
354.068	31.0609
354.134	4.4373
354.2	49.4926
354.266	-25.2583
354.332	46.4206
354.398	51.5405
354.464	9.5572
354.53	49.4926
354.596	63.8284
354.662	60.7564
354.728	82.2601
354.794	46.4206
354.86	84.308
354.926	80.2121
354.992	100.6918
355.058	74.0682
355.124	83.2841
355.19	57.6845
355.256	-6.8266
355.322	32.0848
355.388	54.6125
355.454	-15.0184
355.52	74.0682
355.586	64.8523
355.652	37.2048
355.718	73.0442
355.784	15.7011
355.85	2.3893
355.915	35.1568
355.981	42.3247
356.047	65.8763
356.113	45.3966
356.179	69.9723
356.245	111.9556
356.311	11.6052
356.377	26.9649
356.443	-0.6827
356.508	76.1162
356.574	32.0848
356.64	47.4446
356.706	48.4686
356.772	31.0609
356.838	83.2841
356.903	14.6771
356.969	85.332
357.035	63.8284
357.101	118.0995
357.167	-21.1623
357.232	29.0129
357.298	55.6365
357.364	87.38
357.43	12.6291
357.496	76.1162
357.561	26.9649
357.627	42.3247
357.693	91.4759
357.759	54.6125
357.824	-5.8026
357.89	24.917
357.956	-6.8266
358.021	17.7491
358.087	87.38
358.153	34.1328
358.219	95.5719
358.284	11.6052
358.35	11.6052
358.416	-2.7306
358.481	89.428
358.547	118.0995
358.613	57.6845
358.678	84.308
358.744	34.1328
358.81	76.1162
358.875	74.0682
358.941	29.0129
359.006	50.5166
359.072	81.2361
359.138	185.6825
359.203	58.7084
359.269	56.6605
359.335	7.5092
359.4	141.6512
359.466	15.7011
359.531	40.2767
359.597	22.869
359.662	106.8357
359.728	51.5405
359.794	20.821
359.859	49.4926
359.925	37.2048
359.99	-30.3782
360.056	30.0369
360.121	107.8597
360.187	86.356
360.252	51.5405
360.318	80.2121
360.383	-0.6827
360.449	40.2767
360.514	-19.1144
360.58	-17.0664
360.645	37.2048
360.711	47.4446
360.776	18.773
360.842	120.1475
360.907	57.6845
360.972	51.5405
361.038	57.6845
361.103	27.9889
361.169	91.4759
361.234	117.0755
361.3	106.8357
361.365	-59.0498
361.43	2.3893
361.496	50.5166
361.561	103.7637
361.627	76.1162
361.692	56.6605
361.757	50.5166
361.823	42.3247
361.888	79.1881
361.953	38.2287
362.019	61.7804
362.084	68.9483
362.149	70.9962
362.215	42.3247
362.28	50.5166
362.345	43.3487
362.411	82.2601
362.476	21.845
362.541	118.0995
362.607	111.9556
362.672	67.9243
362.737	97.6198
362.802	101.7158
362.868	90.452
362.933	91.4759
362.998	126.2914
363.063	110.9316
363.129	88.404
363.194	137.5552
363.259	114.0036
363.324	106.8357
363.39	125.2674
363.455	136.5312
363.52	84.308
363.585	102.7398
363.65	99.6678
363.716	209.2341
363.781	107.8597
363.846	138.5792
363.911	119.1235
363.976	48.4686
364.042	101.7158
364.107	105.8117
364.172	69.9723
364.237	127.3154
364.302	47.4446
364.367	121.1715
364.432	88.404
364.497	127.3154
364.563	97.6198
364.628	150.867
364.693	171.3467
364.758	145.7471
364.823	86.356
364.888	203.0902
364.953	141.6512
365.018	174.4187
365.083	121.1715
365.148	207.1862
365.213	161.1069
365.278	303.4407
365.343	315.7285
365.408	344.4001
365.474	469.3262
365.539	875.848
365.604	1981.7511
365.669	6567.1531
365.734	16151.6469
365.799	22808.5693
365.864	27584.4324
365.929	29001.6268
365.994	28820.3816
366.058	21769.2252
366.123	14580.8548
366.188	11656.3555
366.253	9010.3798
366.318	7443.6838
366.383	6615.2804
366.448	6105.3362
366.513	4907.2745
366.578	3121.4457
366.643	2164.0203
366.708	1349.9527
366.773	809.289
366.838	613.708
366.903	592.2043
366.967	1135.94
367.032	2319.6659
367.097	3310.8828
367.162	3836.1868
367.227	4097.3028
367.292	4021.528
367.357	3271.9714
367.422	1994.0389
367.486	1373.5044
367.551	836.9366
367.616	532.8132
367.681	325.9684
367.746	235.8577
367.81	232.7858
367.875	105.8117
367.94	134.4833
368.005	262.4813
368.07	99.6678
368.134	133.4593
368.199	145.7471
368.264	72.0202
368.329	90.452
368.393	60.7564
368.458	115.0276
368.523	19.797
368.588	40.2767
368.652	39.2527
368.717	115.0276
368.782	99.6678
368.847	45.3966
368.911	100.6918
368.976	61.7804
369.041	87.38
369.105	66.9003
369.17	85.332
369.235	70.9962
369.299	114.0036
369.364	50.5166
369.429	134.4833
369.493	119.1235
369.558	89.428
369.623	31.0609
369.687	73.0442
369.752	84.308
369.817	70.9962
369.881	100.6918
369.946	77.1402
370.01	90.452
370.075	80.2121
370.14	103.7637
370.204	45.3966
370.269	117.0755
370.333	72.0202
370.398	-58.0258
370.462	68.9483
370.527	56.6605
370.592	79.1881
370.656	59.7324
370.721	112.9796
370.785	151.891
370.85	98.6438
370.914	70.9962
370.979	160.0829
371.043	87.38
371.108	62.8044
371.172	81.2361
371.237	44.3727
371.301	73.0442
371.366	32.0848
371.43	99.6678
371.495	82.2601
371.559	45.3966
371.623	69.9723
371.688	106.8357
371.752	66.9003
371.817	42.3247
371.881	46.4206
371.946	130.3873
372.01	110.9316
372.074	64.8523
372.139	58.7084
372.203	97.6198
372.268	18.773
372.332	40.2767
372.396	-11.9465
372.461	85.332
372.525	139.6032
372.59	25.9409
372.654	133.4593
372.718	31.0609
372.783	104.7877
372.847	14.6771
372.911	79.1881
372.976	5.4612
373.04	101.7158
373.104	69.9723
373.169	52.5645
373.233	68.9483
373.297	79.1881
373.361	61.7804
373.426	85.332
373.49	78.1641
373.554	61.7804
373.619	-51.8819
373.683	9.5572
373.747	119.1235
373.811	105.8117
373.875	9.5572
373.94	-0.6827
374.004	13.6531
374.068	30.0369
374.132	31.0609
374.197	79.1881
374.261	24.917
374.325	77.1402
374.389	79.1881
374.453	79.1881
374.518	85.332
374.582	-32.4262
374.646	-30.3782
374.71	64.8523
374.774	58.7084
374.838	4.4373
374.903	11.6052
374.967	45.3966
375.031	86.356
375.095	52.5645
375.159	69.9723
375.223	61.7804
375.287	88.404
375.351	-23.2103
375.415	55.6365
375.48	37.2048
375.544	9.5572
375.608	-5.8026
375.672	42.3247
375.736	111.9556
375.8	80.2121
375.864	25.9409
375.928	76.1162
375.992	32.0848
376.056	-43.69
376.12	53.5885
376.184	36.1808
376.248	80.2121
376.312	-20.1384
376.376	70.9962
376.44	90.452
376.504	80.2121
376.568	45.3966
376.632	29.0129
376.696	-4.7786
376.76	17.7491
376.824	51.5405
376.888	100.6918
376.952	-22.1863
377.016	82.2601
377.08	-15.0184
377.144	63.8284
377.208	20.821
377.272	24.917
377.335	17.7491
377.399	48.4686
377.463	22.869
377.527	-42.666
377.591	10.5812
377.655	91.4759
377.719	0.3413
377.783	49.4926
377.847	-1.7066
377.91	22.869
377.974	46.4206
378.038	82.2601
378.102	118.0995
378.166	54.6125
378.23	47.4446
378.293	19.797
378.357	-19.1144
378.421	84.308
378.485	30.0369
378.549	102.7398
378.612	-24.2343
378.676	50.5166
378.74	99.6678
378.804	52.5645
378.868	-1.7066
378.931	34.1328
378.995	36.1808
379.059	70.9962
379.123	22.869
379.186	47.4446
379.25	56.6605
379.314	72.0202
379.378	23.893
379.441	51.5405
379.505	68.9483
379.569	-3.7546
379.632	35.1568
379.696	24.917
379.76	59.7324
379.823	8.5332
379.887	-36.5221
379.951	70.9962
380.014	-9.8985
380.078	67.9243
380.142	30.0369
380.205	111.9556
380.269	13.6531
380.333	82.2601
380.396	51.5405
380.46	13.6531
380.523	62.8044
380.587	107.8597
380.651	53.5885
380.714	49.4926
380.778	62.8044
380.841	52.5645
380.905	15.7011
380.969	-17.0664
381.032	29.0129
381.096	15.7011
381.159	96.5959
381.223	72.0202
381.286	61.7804
381.35	66.9003
381.413	31.0609
381.477	14.6771
381.54	51.5405
381.604	13.6531
381.667	25.9409
381.731	5.4612
381.794	-6.8266
381.858	55.6365
381.921	5.4612
381.985	-2.7306
382.048	48.4686
382.112	42.3247
382.175	-22.1863
382.239	46.4206
382.302	27.9889
382.365	59.7324
382.429	38.2287
382.492	-46.762
382.556	-21.1623
382.619	18.773
382.683	-10.9225
382.746	75.0922
382.809	37.2048
382.873	96.5959
382.936	38.2287
383	163.1548
383.063	11.6052
383.126	107.8597
383.19	-7.8505
383.253	17.7491
383.316	2.3893
383.38	45.3966
383.443	-25.2583
383.506	37.2048
383.57	-19.1144
383.633	37.2048
383.696	29.0129
383.76	8.5332
383.823	4.4373
383.886	48.4686
383.949	42.3247
384.013	19.797
384.076	-55.9778
384.139	57.6845
384.202	-50.8579
384.266	95.5719
384.329	74.0682
384.392	128.3394
384.455	93.5239
384.519	0.3413
384.582	64.8523
384.645	33.1088
384.708	30.0369
384.772	61.7804
384.835	4.4373
384.898	47.4446
384.961	1.3653
385.024	50.5166
385.087	143.6991
385.151	-12.9705
385.214	86.356
385.277	66.9003
385.34	77.1402
385.403	134.4833
385.466	43.3487
385.53	-41.642
385.593	32.0848
385.656	37.2048
385.719	106.8357
385.782	75.0922
385.845	-1.7066
385.908	65.8763
385.971	37.2048
386.034	-15.0184
386.097	34.1328
386.161	7.5092
386.224	-28.3302
386.287	54.6125
386.35	-15.0184
386.413	7.5092
386.476	-22.1863
386.539	-7.8505
386.602	11.6052
386.665	-25.2583
386.728	127.3154
386.791	124.2434
386.854	7.5092
386.917	29.0129
386.98	76.1162
387.043	84.308
387.106	42.3247
387.169	104.7877
387.232	22.869
387.295	90.452
387.358	11.6052
387.421	56.6605
387.484	1.3653
387.547	38.2287
387.609	107.8597
387.672	51.5405
387.735	57.6845
387.798	60.7564
387.861	114.0036
387.924	93.5239
387.987	115.0276
388.05	9.5572
388.113	90.452
388.176	29.0129
388.238	35.1568
388.301	16.7251
388.364	25.9409
388.427	99.6678
388.49	99.6678
388.553	12.6291
388.616	74.0682
388.678	-29.3542
388.741	-19.1144
388.804	50.5166
388.867	36.1808
388.93	129.3634
388.992	26.9649
389.055	17.7491
389.118	23.893
389.181	6.4852
389.244	52.5645
389.306	38.2287
389.369	105.8117
389.432	-9.8985
389.495	70.9962
389.557	41.3007
389.62	1.3653
389.683	90.452
389.746	97.6198
389.808	-2.7306
389.871	13.6531
389.934	15.7011
389.996	46.4206
390.059	65.8763
390.122	85.332
390.185	99.6678
390.247	4.4373
390.31	48.4686
390.373	27.9889
390.435	-1.7066
390.498	9.5572
390.561	16.7251
390.623	98.6438
390.686	8.5332
390.748	87.38
390.811	9.5572
390.874	24.917
390.936	111.9556
390.999	48.4686
391.061	52.5645
391.124	83.2841
391.187	63.8284
391.249	73.0442
391.312	12.6291
391.374	14.6771
391.437	101.7158
391.499	74.0682
391.562	69.9723
391.625	37.2048
391.687	92.4999
391.75	-9.8985
391.812	-22.1863
391.875	57.6845
391.937	15.7011
392	72.0202
392.062	7.5092
392.125	99.6678
392.187	-0.6827
392.25	-24.2343
392.312	51.5405
392.375	18.773
392.437	3.4133
392.5	39.2527
392.562	56.6605
392.624	49.4926
392.687	66.9003
392.749	74.0682
392.812	-7.8505
392.874	74.0682
392.937	-42.666
392.999	21.845
393.061	133.4593
393.124	26.9649
393.186	31.0609
393.249	26.9649
393.311	13.6531
393.373	82.2601
393.436	66.9003
393.498	2.3893
393.56	85.332
393.623	13.6531
393.685	25.9409
393.748	95.5719
393.81	58.7084
393.872	24.917
393.935	46.4206
393.997	36.1808
394.059	21.845
394.121	114.0036
394.184	-28.3302
394.246	13.6531
394.308	26.9649
394.371	-2.7306
394.433	22.869
394.495	-61.0977
394.557	-6.8266
394.62	82.2601
394.682	19.797
394.744	51.5405
394.806	68.9483
394.869	36.1808
394.931	30.0369
394.993	-11.9465
395.055	-17.0664
395.117	61.7804
395.18	39.2527
395.242	79.1881
395.304	37.2048
395.366	-32.4262
395.428	58.7084
395.491	14.6771
395.553	68.9483
395.615	35.1568
395.677	44.3727
395.739	17.7491
395.801	103.7637
395.863	2.3893
395.926	31.0609
395.988	31.0609
396.05	54.6125
396.112	73.0442
396.174	38.2287
396.236	41.3007
396.298	-62.1217
396.36	15.7011
396.422	6.4852
396.484	-29.3542
396.547	129.3634
396.609	55.6365
396.671	12.6291
396.733	-18.0904
396.795	69.9723
396.857	51.5405
396.919	189.7784
396.981	-35.4981
397.043	30.0369
397.105	41.3007
397.167	-2.7306
397.229	54.6125
397.291	-6.8266
397.353	36.1808
397.415	7.5092
397.477	56.6605
397.539	68.9483
397.601	9.5572
397.663	61.7804
397.725	-52.9059
397.787	55.6365
397.849	47.4446
397.91	68.9483
397.972	4.4373
398.034	46.4206
398.096	8.5332
398.158	10.5812
398.22	47.4446
398.282	27.9889
398.344	30.0369
398.406	93.5239
398.468	77.1402
398.529	74.0682
398.591	69.9723
398.653	56.6605
398.715	102.7398
398.777	57.6845
398.839	57.6845
398.901	125.2674
398.962	80.2121
399.024	48.4686
399.086	103.7637
399.148	42.3247
399.21	63.8284
399.271	34.1328
399.333	35.1568
399.395	124.2434
399.457	58.7084
399.519	6.4852
399.58	62.8044
399.642	83.2841
399.704	97.6198
399.766	19.797
399.827	-26.2823
399.889	50.5166
399.951	77.1402
400.013	76.1162
400.074	16.7251
400.136	90.452
400.198	21.845
400.259	51.5405
400.321	125.2674
400.383	107.8597
400.445	34.1328
400.506	23.893
400.568	36.1808
400.63	65.8763
400.691	-12.9705
400.753	46.4206
400.815	65.8763
400.876	20.821
400.938	49.4926
400.999	29.0129
401.061	93.5239
401.123	65.8763
401.184	-6.8266
401.246	51.5405
401.307	35.1568
401.369	-11.9465
401.431	32.0848
401.492	70.9962
401.554	34.1328
401.615	67.9243
401.677	-42.666
401.739	45.3966
401.8	40.2767
401.862	15.7011
401.923	67.9243
401.985	13.6531
402.046	33.1088
402.108	129.3634
402.169	53.5885
402.231	46.4206
402.292	107.8597
402.354	131.4113
402.415	34.1328
402.477	-24.2343
402.538	165.2028
402.6	34.1328
402.661	43.3487
402.723	62.8044
402.784	30.0369
402.846	107.8597
402.907	83.2841
402.968	68.9483
403.03	85.332
403.091	132.4353
403.153	73.0442
403.214	132.4353
403.276	129.3634
403.337	153.939
403.398	77.1402
403.46	98.6438
403.521	103.7637
403.582	75.0922
403.644	60.7564
403.705	86.356
403.767	-5.8026
403.828	32.0848
403.889	34.1328
403.951	63.8284
404.012	108.8837
404.073	106.8357
404.135	65.8763
404.196	52.5645
404.257	82.2601
404.319	188.7545
404.38	78.1641
404.441	176.4666
404.502	104.7877
404.564	129.3634
404.625	191.8264
404.686	111.9556
404.747	158.0349
404.809	239.9537
404.87	179.5386
404.931	362.8318
404.992	265.5533
405.054	570.7006
405.115	1238.3384
405.176	3680.5412
405.237	9602.2428
405.299	14094.4623
405.36	16800.853
405.421	18834.4859
405.482	19617.834
405.543	17013.8417
405.605	11747.4901
405.666	8265.9432
405.727	5956.8584
405.788	4182.2935
405.849	2738.4755
405.91	1554.7496
405.971	884.0398
406.033	689.4828
406.094	475.4701
406.155	329.0403
406.216	328.0163
406.277	274.7691
406.338	189.7784
406.399	170.3227
406.46	228.6898
406.521	122.1955
406.583	151.891
406.644	173.3947
406.705	159.0589
406.766	176.4666
406.827	80.2121
406.888	106.8357
406.949	132.4353
407.01	117.0755
407.071	112.9796
407.132	127.3154
407.193	149.843
407.254	99.6678
407.315	109.9077
407.376	134.4833
407.437	162.1309
407.498	92.4999
407.559	101.7158
407.62	106.8357
407.681	186.7065
407.742	84.308
407.803	73.0442
407.864	82.2601
407.925	92.4999
407.986	190.8024
408.047	61.7804
408.108	143.6991
408.168	226.6419
408.229	191.8264
408.29	423.2469
408.351	1016.1338
408.412	1378.6243
408.473	1652.0281
408.534	1831.2254
408.595	1867.0648
408.656	1699.1314
408.716	1338.6889
408.777	976.1984
408.838	607.5641
408.899	526.6693
408.96	350.544
409.021	242.0016
409.082	200.0183
409.142	154.963
409.203	96.5959
409.264	74.0682
409.325	111.9556
409.386	69.9723
409.446	59.7324
409.507	126.2914
409.568	73.0442
409.629	13.6531
409.69	130.3873
409.75	42.3247
409.811	24.917
409.872	86.356
409.933	79.1881
409.993	76.1162
410.054	30.0369
410.115	57.6845
410.176	76.1162
410.236	73.0442
410.297	148.8191
410.358	32.0848
410.418	48.4686
410.479	23.893
410.54	84.308
410.6	75.0922
410.661	158.0349
410.722	18.773
410.782	88.404
410.843	53.5885
410.904	62.8044
410.964	89.428
411.025	-13.9945
411.086	59.7324
411.146	58.7084
411.207	73.0442
411.267	127.3154
411.328	-22.1863
411.389	75.0922
411.449	23.893
411.51	139.6032
411.57	47.4446
411.631	77.1402
411.692	25.9409
411.752	108.8837
411.813	110.9316
411.873	93.5239
411.934	2.3893
411.994	17.7491
412.055	37.2048
412.115	62.8044
412.176	10.5812
412.236	38.2287
412.297	93.5239
412.358	-1.7066
412.418	77.1402
412.479	88.404
412.539	101.7158
412.599	51.5405
412.66	36.1808
412.72	63.8284
412.781	7.5092
412.841	67.9243
412.902	-8.8745
412.962	20.821
413.023	50.5166
413.083	82.2601
413.144	54.6125
413.204	82.2601
413.264	29.0129
413.325	89.428
413.385	32.0848
413.446	56.6605
413.506	50.5166
413.566	38.2287
413.627	53.5885
413.687	45.3966
413.747	29.0129
413.808	25.9409
413.868	66.9003
413.929	58.7084
413.989	70.9962
414.049	17.7491
414.11	9.5572
414.17	-10.9225
414.23	83.2841
414.29	11.6052
414.351	23.893
414.411	34.1328
414.471	103.7638
414.532	134.4833
414.592	49.4926
414.652	-9.8985
414.712	54.6125
414.773	58.7084
414.833	35.1568
414.893	76.1162
414.954	75.0922
415.014	36.1808
415.074	81.2361
415.134	77.1402
415.194	122.1955
415.255	52.5645
415.315	63.8284
415.375	69.9723
415.435	-3.7546
415.495	69.9723
415.556	55.6365
415.616	14.6771
415.676	-20.1384
415.736	6.4852
415.796	37.2048
415.856	72.0202
415.917	124.2434
415.977	101.7158
416.037	24.917
416.097	46.4206
416.157	20.821
416.217	-21.1623
416.277	49.4926
416.337	54.6125
416.398	50.5166
416.458	-44.714
416.518	59.7324
416.578	67.9243
416.638	109.9077
416.698	85.332
416.758	73.0442
416.818	6.4852
416.878	121.1715
416.938	39.2527
416.998	37.2048
417.058	16.7251
417.118	14.6771
417.178	59.7324
417.238	62.8044
417.298	13.6531
417.358	51.5405
417.418	0.3413
417.478	-4.7786
417.538	34.1328
417.598	1.3653
417.658	103.7638
417.718	6.4852
417.778	8.5332
417.838	1.3653
417.898	54.6125
417.958	111.9556
418.018	64.8523
418.078	-12.9705
418.138	68.9483
418.198	11.6052
418.258	-2.7306
418.318	26.9649
418.377	76.1162
418.437	8.5332
418.497	-34.4741
418.557	1.3653
418.617	50.5166
418.677	41.3007
418.737	50.5166
418.797	24.917
418.856	68.9483
418.916	87.38
418.976	4.4373
419.036	3.4133
419.096	73.0442
419.156	80.2121
419.215	23.893
419.275	109.9077
419.335	139.6032
419.395	41.3007
419.455	39.2527
419.514	115.0276
419.574	-40.618
419.634	83.2841
419.694	-37.5461
419.753	64.8523
419.813	4.4373
419.873	13.6531
419.933	60.7564
419.992	125.2674
420.052	-73.3855
420.112	3.4133
420.172	32.0848
420.231	2.3893
420.291	45.3966
420.351	29.0129
420.41	29.0129
420.47	35.1568
420.53	82.2601
420.589	43.3487
420.649	43.3487
420.709	95.5719
420.768	42.3247
420.828	106.8357
420.888	24.917
420.947	11.6052
421.007	7.5092
421.067	34.1328
421.126	-4.7786
421.186	45.3966
421.246	78.1641
421.305	104.7877
421.365	21.845
421.424	29.0129
421.484	101.7158
421.543	31.0609
421.603	56.6605
421.663	73.0442
421.722	59.7324
421.782	59.7324
421.841	94.5479
421.901	10.5812
421.96	24.917
422.02	30.0369
422.079	21.845
422.139	26.9649
422.198	5.4612
422.258	-52.9059
422.317	42.3247
422.377	17.7491
422.436	47.4446
422.496	-35.4981
422.555	124.2434
422.615	-10.9225
422.674	-41.642
422.734	61.7804
422.793	103.7637
422.853	87.38
422.912	15.7011
422.972	-1.7066
423.031	49.4926
423.09	70.9962
423.15	19.797
423.209	69.9723
423.269	72.0202
423.328	42.3247
423.387	15.7011
423.447	39.2527
423.506	-20.1384
423.566	27.9889
423.625	13.6531
423.684	10.5812
423.744	-22.1863
423.803	53.5885
423.862	33.1088
423.922	111.9556
423.981	29.0129
424.04	-15.0184
424.1	65.8763
424.159	-18.0904
424.218	68.9483
424.278	95.5719
424.337	-4.7786
424.396	-13.9945
424.455	89.428
424.515	41.3007
424.574	15.7011
424.633	-24.2343
424.692	40.2767
424.752	41.3007
424.811	-15.0184
424.87	10.5812
424.929	-19.1144
424.989	-1.7066
425.048	62.8044
425.107	-55.9778
425.166	26.9649
425.226	19.797
425.285	53.5885
425.344	-31.4022
425.403	-27.3063
425.462	-5.8026
425.521	61.7804
425.581	34.1328
425.64	34.1328
425.699	17.7491
425.758	8.5332
425.817	-2.7306
425.876	46.4206
425.935	83.2841
425.995	42.3247
426.054	9.5572
426.113	114.0036
426.172	32.0848
426.231	36.1808
426.29	42.3247
426.349	75.0922
426.408	18.773
426.467	37.2048
426.526	41.3007
426.586	27.9889
426.645	1.3653
426.704	80.2121
426.763	39.2527
426.822	23.893
426.881	49.4926
426.94	21.845
426.999	52.5645
427.058	81.2361
427.117	-22.1863
427.176	-7.8505
427.235	36.1808
427.294	43.3487
427.353	80.2121
427.412	43.3487
427.471	88.404
427.53	-9.8985
427.589	76.1162
427.648	61.7804
427.707	-0.6827
427.766	107.8597
427.824	44.3727
427.883	64.8523
427.942	103.7638
428.001	72.0202
428.06	1.3653
428.119	104.7877
428.178	6.4852
428.237	40.2767
428.296	39.2527
428.355	-17.0664
428.414	21.845
428.472	7.5092
428.531	65.8763
428.59	82.2601
428.649	39.2527
428.708	1.3653
428.767	24.917
428.825	115.0276
428.884	20.821
428.943	72.0202
429.002	99.6678
429.061	122.1955
429.12	38.2287
429.178	-1.7066
429.237	39.2527
429.296	15.7011
429.355	102.7398
429.413	7.5092
429.472	49.4926
429.531	57.6845
429.59	41.3007
429.649	34.1328
429.707	29.0129
429.766	93.5239
429.825	27.9889
429.883	66.9003
429.942	40.2767
430.001	-47.7859
430.06	-11.9465
430.118	80.2121
430.177	95.5719
430.236	31.0609
430.294	48.4686
430.353	-8.8745
430.412	42.3247
430.47	66.9003
430.529	44.3727
430.588	67.9243
430.646	59.7324
430.705	64.8523
430.764	46.4206
430.822	0.3413
430.881	66.9003
430.939	52.5645
430.998	65.8763
431.057	95.5719
431.115	80.2121
431.174	77.1402
431.232	0.3413
431.291	170.3227
431.35	48.4686
431.408	79.1881
431.467	82.2601
431.525	10.5812
431.584	54.6125
431.642	131.4113
431.701	60.7564
431.759	-18.0904
431.818	121.1715
431.877	85.332
431.935	142.6752
431.994	88.404
432.052	93.5239
432.111	158.0349
432.169	104.7877
432.228	176.4666
432.286	147.7951
432.344	82.2601
432.403	13.6531
432.461	52.5645
432.52	75.0922
432.578	53.5885
432.637	90.452
432.695	50.5166
432.754	59.7324
432.812	56.6605
432.87	67.9243
432.929	82.2601
432.987	85.332
433.046	122.1955
433.104	92.4999
433.162	90.452
433.221	132.4353
433.279	115.0276
433.338	90.452
433.396	107.8597
433.454	176.4666
433.513	91.4759
433.571	43.3487
433.629	10.5812
433.688	27.9889
433.746	109.9077
433.804	116.0516
433.863	66.9003
433.921	97.6198
433.979	39.2527
434.037	88.404
434.096	105.8117
434.154	83.2841
434.212	72.0202
434.271	67.9243
434.329	150.867
434.387	117.0755
434.445	228.6898
434.504	248.1455
434.562	276.8171
434.62	291.1529
434.678	299.3448
434.737	246.0976
434.795	222.5459
434.853	273.7452
434.911	198.9943
434.969	217.426
435.028	177.4906
435.086	126.2914
435.144	225.6179
435.202	237.9057
435.26	283.985
435.318	302.4167
435.377	543.053
435.435	439.6306
435.493	471.3741
435.551	466.2542
435.609	426.3188
435.667	282.961
435.725	326.9923
435.784	283.985
435.842	295.2488
435.9	298.3208
435.958	403.7912
436.016	518.4774
436.074	570.7006
436.132	843.0805
436.19	1558.8455
436.248	4267.2842
436.306	13809.7946
436.364	28670.8798
436.422	36757.2845
436.48	44888.7444
436.538	48053.8801
436.596	43770.5534
436.654	40031.9865
436.713	25423.8254
436.771	18359.3572
436.829	12954.7677
436.887	8953.0367
436.945	5632.2554
437.003	3713.3087
437.06	2329.9058
437.118	1622.3326
437.176	1112.3884
437.234	916.8073
437.292	657.7393
437.35	584.0124
437.408	374.0956
437.466	315.7285
437.524	336.2082
437.582	337.2322
437.64	267.6013
437.698	232.7858
437.756	228.6898
437.814	189.7784
437.872	193.8744
437.929	279.8891
437.987	155.987
438.045	184.6585
438.103	159.0589
438.161	150.867
438.219	126.2914
438.277	220.498
438.335	123.2195
438.392	127.3154
438.45	102.7398
438.508	112.9796
438.566	141.6512
438.624	135.5073
438.681	110.9316
438.739	76.1162
438.797	67.9243
438.855	201.0423
438.913	150.867
438.97	136.5312
439.028	149.843
439.086	166.2268
439.144	137.5552
439.202	86.356
439.259	81.2361
439.317	157.0109
439.375	65.8763
439.432	54.6125
439.49	89.428
439.548	110.9316
439.606	97.6198
439.663	146.7711
439.721	130.3873
439.779	108.8837
439.836	117.0755
439.894	74.0682
439.952	149.843
440.009	119.1235
440.067	84.308
440.125	106.8357
440.182	40.2767
440.24	83.2841
440.298	104.7877
440.355	73.0442
440.413	73.0442
440.471	76.1162
440.528	89.428
440.586	60.7564
440.643	94.5479
440.701	104.7877
440.759	65.8763
440.816	98.6438
440.874	94.5479
440.931	151.891
440.989	36.1808
441.047	105.8117
441.104	126.2914
441.162	79.1881
441.219	69.9723
441.277	76.1162
441.334	43.3487
441.392	141.6512
441.449	3.4133
441.507	187.7305
441.564	55.6365
441.622	45.3966
441.679	49.4926
441.737	-7.8505
441.794	-9.8985
441.852	59.7324
441.909	47.4446
441.967	38.2287
442.024	62.8044
442.082	160.0829
442.139	59.7324
442.197	131.4113
442.254	34.1328
442.311	58.7084
442.369	48.4686
442.426	90.452
442.484	140.6272
442.541	109.9077
442.598	17.7491
442.656	121.1715
442.713	77.1402
442.771	73.0442
442.828	0.3413
442.885	159.0589
442.943	75.0922
443	96.5959
443.057	59.7324
443.115	6.4852
443.172	104.7877
443.229	58.7084
443.287	107.8597
443.344	92.4999
443.401	62.8044
443.459	81.2361
443.516	7.5092
443.573	161.1069
443.631	87.38
443.688	130.3873
443.745	33.1088
443.802	-42.666
443.86	11.6052
443.917	3.4133
443.974	53.5885
444.031	72.0202
444.089	76.1162
444.146	59.7324
444.203	63.8284
444.26	35.1568
444.318	101.7158
444.375	73.0442
444.432	45.3966
444.489	54.6125
444.546	19.797
444.604	78.1641
444.661	49.4926
444.718	63.8284
444.775	-15.0184
444.832	78.1641
444.889	-52.9059
444.947	41.3007
445.004	50.5166
445.061	54.6125
445.118	-18.0904
445.175	32.0848
445.232	6.4852
445.289	-27.3063
445.346	17.7491
445.404	18.773
445.461	94.5479
445.518	123.2195
445.575	56.6605
445.632	9.5572
445.689	67.9243
445.746	63.8284
445.803	-42.666
445.86	24.917
445.917	-43.69
445.974	1.3653
446.031	58.7084
446.088	-44.714
446.145	35.1568
446.202	132.4353
446.259	83.2841
446.316	3.4133
446.373	10.5812
446.43	135.5073
446.487	46.4206
446.544	99.6678
446.601	51.5405
446.658	-20.1384
446.715	62.8044
446.772	75.0922
446.829	40.2767
446.886	120.1475
446.943	-1.7066
447	38.2287
447.057	70.9962
447.114	18.773
447.171	64.8523
447.228	87.38
447.285	17.7491
447.341	95.5719
447.398	25.9409
447.455	45.3966
447.512	54.6125
447.569	-4.7786
447.626	-27.3063
447.683	118.0995
447.74	129.3634
447.796	34.1328
447.853	84.308
447.91	70.9962
447.967	2.3893
448.024	36.1808
448.081	44.3727
448.137	-5.8026
448.194	60.7564
448.251	86.356
448.308	31.0609
448.365	78.1641
448.421	110.9316
448.478	51.5405
448.535	-0.6827
448.592	18.773
448.648	-16.0424
448.705	75.0922
448.762	59.7324
448.819	94.5479
448.875	5.4612
448.932	82.2601
448.989	25.9409
449.046	41.3007
449.102	7.5092
449.159	11.6052
449.216	75.0922
449.272	101.7158
449.329	47.4446
449.386	106.8357
449.442	29.0129
449.499	25.9409
449.556	78.1641
449.612	-37.5461
449.669	-11.9465
449.726	33.1088
449.782	-25.2583
449.839	14.6771
449.896	22.869
449.952	39.2527
450.009	41.3007
450.065	53.5885
450.122	43.3487
450.179	2.3893
450.235	23.893
450.292	46.4206
450.348	46.4206
450.405	37.2048
450.461	83.2841
450.518	0.3413
450.575	-19.1144
450.631	79.1881
450.688	27.9889
450.744	32.0848
450.801	78.1641
450.857	48.4686
450.914	30.0369
450.97	82.2601
451.027	-11.9465
451.083	84.308
451.14	67.9243
451.196	58.7084
451.253	6.4852
451.309	67.9243
451.366	-11.9465
451.422	22.869
451.479	66.9003
451.535	-2.7306
451.591	23.893
451.648	62.8044
451.704	-5.8026
451.761	1.3653
451.817	81.2361
451.874	123.2195
451.93	68.9483
451.986	8.5332
452.043	62.8044
452.099	67.9243
452.156	-22.1863
452.212	45.3966
452.268	15.7011
452.325	1.3653
452.381	59.7324
452.437	66.9003
452.494	53.5885
452.55	37.2048
452.606	11.6052
452.663	29.0129
452.719	-37.5461
452.775	27.9889
452.832	118.0995
452.888	49.4926
452.944	-19.1144
453.001	18.773
453.057	55.6365
453.113	6.4852
453.169	8.5332
453.226	-6.8266
453.282	-76.4575
453.338	-0.6827
453.394	35.1568
453.451	-6.8266
453.507	19.797
453.563	52.5645
453.619	10.5812
453.676	-18.0904
453.732	56.6605
453.788	39.2527
453.844	37.2048
453.9	41.3007
453.957	17.7491
454.013	-11.9465
454.069	21.845
454.125	52.5645
454.181	-67.2416
454.237	50.5166
454.294	47.4446
454.35	95.5719
454.406	39.2527
454.462	-8.8745
454.518	75.0922
454.574	30.0369
454.63	5.4612
454.687	74.0682
454.743	55.6365
454.799	32.0848
454.855	99.6678
454.911	-15.0184
454.967	22.869
455.023	110.9316
455.079	-30.3782
455.135	19.797
455.191	48.4686
455.247	12.6291
455.303	54.6125
455.359	49.4926
455.415	6.4852
455.471	-5.8026
455.527	25.9409
455.583	-4.7786
455.639	50.5166
455.695	-27.3063
455.751	92.4999
455.807	9.5572
455.863	53.5885
455.919	34.1328
455.975	5.4612
456.031	133.4593
456.087	34.1328
456.143	25.9409
456.199	11.6052
456.255	11.6052
456.311	9.5572
456.367	68.9483
456.423	5.4612
456.479	100.6918
456.535	0.3413
456.591	17.7491
456.647	-1.7066
456.702	54.6125
456.758	40.2767
456.814	62.8044
456.87	-2.7306
456.926	-18.0904
456.982	60.7564
457.038	-32.4262
457.094	-8.8745
457.149	42.3247
457.205	57.6845
457.261	55.6365
457.317	29.0129
457.373	-11.9465
457.429	-19.1144
457.484	-11.9465
457.54	29.0129
457.596	98.6438
457.652	37.2048
457.707	7.5092
457.763	54.6125
457.819	-20.1384
457.875	-24.2343
457.931	36.1808
457.986	-3.7546
458.042	34.1328
458.098	49.4926
458.154	44.3727
458.209	16.7251
458.265	38.2287
458.321	32.0848
458.376	4.4373
458.432	86.356
458.488	11.6052
458.544	50.5166
458.599	115.0276
458.655	30.0369
458.711	82.2601
458.766	37.2048
458.822	54.6125
458.878	8.5332
458.933	15.7011
458.989	38.2287
459.044	78.1641
459.1	1.3653
459.156	12.6291
459.211	16.7251
459.267	64.8523
459.323	23.893
459.378	-19.1144
459.434	64.8523
459.489	70.9962
459.545	35.1568
459.601	4.4373
459.656	62.8044
459.712	131.4113
459.767	19.797
459.823	37.2048
459.878	-11.9465
459.934	64.8523
459.989	33.1088
460.045	-18.0904
460.1	0.3413
460.156	68.9483
460.211	-50.8579
460.267	20.821
460.322	-36.5221
460.378	85.332
460.433	-28.3302
460.489	33.1088
460.544	-47.7859
460.6	97.6198
460.655	-20.1384
460.711	41.3007
460.766	9.5572
460.822	68.9483
460.877	-3.7546
460.933	22.869
460.988	23.893
461.043	5.4612
461.099	24.917
461.154	45.3966
461.21	61.7804
461.265	63.8284
461.32	50.5166
461.376	3.4133
461.431	16.7251
461.487	53.5885
461.542	34.1328
461.597	-21.1623
461.653	78.1641
461.708	-24.2343
461.763	-16.0424
461.819	60.7564
461.874	24.917
461.929	-12.9705
461.985	-30.3782
462.04	52.5645
462.095	98.6438
462.151	30.0369
462.206	18.773
462.261	42.3247
462.316	18.773
462.372	23.893
462.427	34.1328
462.482	72.0202
462.537	21.845
462.593	7.5092
462.648	-22.1863
462.703	-6.8266
462.758	16.7251
462.814	44.3727
462.869	69.9723
462.924	9.5572
462.979	-60.0738
463.034	-15.0184
463.09	16.7251
463.145	-60.0738
463.2	50.5166
463.255	34.1328
463.31	13.6531
463.366	118.0995
463.421	-0.6827
463.476	89.428
463.531	-8.8745
463.586	-0.6827
463.641	41.3007
463.696	29.0129
463.752	-36.5221
463.807	8.5332
463.862	33.1088
463.917	-16.0424
463.972	-27.3063
464.027	87.38
464.082	118.0995
464.137	-21.1623
464.192	-40.618
464.247	56.6605
464.302	73.0442
464.357	67.9243
464.413	43.3487
464.468	-17.0664
464.523	98.6438
464.578	16.7251
464.633	80.2121
464.688	57.6845
464.743	-32.4262
464.798	92.4999
464.853	11.6052
464.908	75.0922
464.963	42.3247
465.018	20.821
465.073	24.917
465.128	45.3966
465.183	15.7011
465.238	36.1808
465.293	-12.9705
465.347	33.1088
465.402	-25.2583
465.457	16.7251
465.512	74.0682
465.567	88.404
465.622	-17.0664
465.677	-11.9465
465.732	59.7324
465.787	35.1568
465.842	21.845
465.897	20.821
465.952	106.8357
466.006	-11.9465
466.061	17.7491
466.116	21.845
466.171	1.3653
466.226	62.8044
466.281	30.0369
466.336	11.6052
466.39	-35.4981
466.445	-8.8745
466.5	42.3247
466.555	66.9003
466.61	4.4373
466.664	7.5092
466.719	155.987
466.774	79.1881
466.829	64.8523
466.884	45.3966
466.938	-3.7546
466.993	34.1328
467.048	-2.7306
467.103	47.4446
467.157	-1.7066
467.212	40.2767
467.267	-66.2177
467.322	-21.1623
467.376	52.5645
467.431	0.3413
467.486	-3.7546
467.54	2.3893
467.595	8.5332
467.65	29.0129
467.705	-22.1863
467.759	4.4373
467.814	19.797
467.869	-36.5221
467.923	40.2767
467.978	30.0369
468.032	39.2527
468.087	69.9723
468.142	48.4686
468.196	-5.8026
468.251	120.1475
468.306	55.6365
468.36	120.1475
468.415	20.821
468.469	9.5572
468.524	40.2767
468.579	-16.0424
468.633	40.2767
468.688	-25.2583
468.742	1.3653
468.797	-24.2343
468.852	78.1641
468.906	41.3007
468.961	-16.0424
469.015	-6.8266
469.07	-5.8026
469.124	19.797
469.179	-9.8985
469.233	2.3893
469.288	42.3247
469.342	-3.7546
469.397	33.1088
469.451	32.0848
469.506	97.6198
469.56	44.3727
469.615	64.8523
469.669	13.6531
469.724	-13.9945
469.778	33.1088
469.833	31.0609
469.887	10.5812
469.941	21.845
469.996	40.2767
470.05	38.2287
470.105	25.9409
470.159	53.5885
470.214	15.7011
470.268	26.9649
470.322	68.9483
470.377	32.0848
470.431	69.9723
470.486	102.7398
470.54	55.6365
470.594	35.1568
470.649	-34.4741
470.703	34.1328
470.757	-31.4022
470.812	-36.5221
470.866	86.356
470.92	5.4612
470.975	58.7084
471.029	19.797
471.083	12.6291
471.138	52.5645
471.192	13.6531
471.246	50.5166
471.3	8.5332
471.355	81.2361
471.409	49.4926
471.463	46.4206
471.518	-21.1623
471.572	-38.5701
471.626	51.5405
471.68	17.7491
471.735	-53.9298
471.789	6.4852
471.843	-5.8026
471.897	21.845
471.951	1.3653
472.006	67.9243
472.06	44.3727
472.114	10.5812
472.168	-6.8266
472.222	13.6531
472.277	60.7564
472.331	-9.8985
472.385	57.6845
472.439	3.4133
472.493	-8.8745
472.547	10.5812
472.602	52.5645
472.656	66.9003
472.71	-40.618
472.764	22.869
472.818	118.0995
472.872	-48.8099
472.926	-0.6827
472.98	65.8763
473.034	21.845
473.089	-9.8985
473.143	52.5645
473.197	57.6845
473.251	96.5959
473.305	-27.3063
473.359	11.6052
473.413	-5.8026
473.467	73.0442
473.521	36.1808
473.575	52.5645
473.629	39.2527
473.683	38.2287
473.737	-54.9538
473.791	53.5885
473.845	-34.4741
473.899	22.869
473.953	42.3247
474.007	35.1568
474.061	29.0129
474.115	-23.2103
474.169	-0.6827
474.223	-17.0664
474.277	34.1328
474.331	64.8523
474.385	32.0848
474.439	65.8763
474.493	16.7251
474.547	30.0369
474.601	-24.2343
474.654	-7.8505
474.708	37.2048
474.762	50.5166
474.816	64.8523
474.87	-9.8985
474.924	-12.9705
474.978	2.3893
475.032	73.0442
475.086	-24.2343
475.139	17.7491
475.193	-28.3302
475.247	14.6771
475.301	-16.0424
475.355	-76.4575
475.409	62.8044
475.462	53.5885
475.516	22.869
475.57	-20.1384
475.624	17.7491
475.678	-10.9225
475.731	117.0755
475.785	86.356
475.839	12.6291
475.893	38.2287
475.947	34.1328
476	-35.4981
476.054	2.3893
476.108	-7.8505
476.162	36.1808
476.215	1.3653
476.269	30.0369
476.323	1.3653
476.376	3.4133
476.43	-46.762
476.484	111.9556
476.538	13.6531
476.591	66.9003
476.645	20.821
476.699	42.3247
476.752	25.9409
476.806	-19.1144
476.86	-55.9778
476.913	43.3487
476.967	-2.7306
477.021	17.7491
477.074	23.893
477.128	1.3653
477.182	5.4612
477.235	11.6052
477.289	60.7564
477.342	18.773
477.396	-4.7786
477.45	93.5239
477.503	74.0682
477.557	72.0202
477.61	3.4133
477.664	35.1568
477.717	47.4446
477.771	36.1808
477.825	-27.3063
477.878	35.1568
477.932	31.0609
477.985	9.5572
478.039	20.821
478.092	32.0848
478.146	-16.0424
478.199	18.773
478.253	50.5166
478.306	-28.3302
478.36	-63.1457
478.413	65.8763
478.467	29.0129
478.52	-33.4502
478.574	-5.8026
478.627	-20.1384
478.681	-18.0904
478.734	-6.8266
478.788	6.4852
478.841	-1.7066
478.894	41.3007
478.948	16.7251
479.001	13.6531
479.055	0.3413
479.108	11.6052
479.162	-11.9465
479.215	108.8837
479.268	15.7011
479.322	30.0369
479.375	31.0609
479.428	-16.0424
479.482	49.4926
479.535	20.821
479.589	75.0922
479.642	-16.0424
479.695	64.8523
479.749	43.3487
479.802	45.3966
479.855	27.9889
479.909	-27.3063
479.962	55.6365
480.015	16.7251
480.068	62.8044
480.122	47.4446
480.175	36.1808
480.228	16.7251
480.282	-29.3542
480.335	42.3247
480.388	35.1568
480.441	-1.7066
480.495	5.4612
480.548	41.3007
480.601	9.5572
480.654	5.4612
480.708	47.4446
480.761	15.7011
480.814	53.5885
480.867	-8.8745
480.92	54.6125
480.974	16.7251
481.027	45.3966
481.08	30.0369
481.133	59.7324
481.186	-47.7859
481.24	10.5812
481.293	-36.5221
481.346	1.3653
481.399	48.4686
481.452	64.8523
481.505	55.6365
481.558	2.3893
481.612	-0.6827
481.665	63.8284
481.718	-38.5701
481.771	5.4612
481.824	-16.0424
481.877	67.9243
481.93	22.869
481.983	56.6605
482.036	134.4833
482.089	-42.666
482.142	0.3413
482.196	-8.8745
482.249	-24.2343
482.302	43.3487
482.355	-2.7306
482.408	62.8044
482.461	6.4852
482.514	29.0129
482.567	11.6052
482.62	64.8523
482.673	-29.3542
482.726	40.2767
482.779	20.821
482.832	33.1088
482.885	45.3966
482.938	18.773
482.991	10.5812
483.044	78.1641
483.097	-29.3542
483.15	-0.6827
483.203	-25.2583
483.255	29.0129
483.308	5.4612
483.361	-5.8026
483.414	14.6771
483.467	-1.7066
483.52	12.6291
483.573	83.2841
483.626	90.452
483.679	1.3653
483.732	49.4926
483.784	58.7084
483.837	-25.2583
483.89	37.2048
483.943	3.4133
483.996	42.3247
484.049	21.845
484.102	92.4999
484.154	59.7324
484.207	12.6291
484.26	13.6531
484.313	36.1808
484.366	25.9409
484.419	-4.7786
484.471	-20.1384
484.524	-37.5461
484.577	67.9243
484.63	1.3653
484.682	26.9649
484.735	-17.0664
484.788	72.0202
484.841	40.2767
484.894	-41.642
484.946	-23.2103
484.999	84.308
485.052	37.2048
485.104	22.869
485.157	-28.3302
485.21	62.8044
485.263	70.9962
485.315	32.0848
485.368	30.0369
485.421	93.5239
485.473	13.6531
485.526	38.2287
485.579	-13.9945
485.631	-2.7306
485.684	10.5812
485.737	87.38
485.789	-12.9705
485.842	-72.3616
485.895	-10.9225
485.947	5.4612
486	70.9962
486.052	-9.8985
486.105	-2.7306
486.158	30.0369
486.21	38.2287
486.263	-8.8745
486.315	59.7324
486.368	36.1808
486.421	7.5092
486.473	30.0369
486.526	49.4926
486.578	35.1568
486.631	16.7251
486.683	24.917
486.736	-15.0184
486.788	-26.2823
486.841	36.1808
486.894	19.797
486.946	-28.3302
486.999	3.4133
487.051	-40.618
487.104	18.773
487.156	39.2527
487.209	83.2841
487.261	10.5812
487.313	-32.4262
487.366	-19.1144
487.418	37.2048
487.471	9.5572
487.523	45.3966
487.576	69.9723
487.628	-35.4981
487.681	97.6198
487.733	70.9962
487.785	32.0848
487.838	8.5332
487.89	36.1808
487.943	35.1568
487.995	44.3727
488.047	47.4446
488.1	22.869
488.152	49.4926
488.205	-53.9298
488.257	-9.8985
488.309	-33.4502
488.362	75.0922
488.414	82.2601
488.466	22.869
488.519	12.6291
488.571	26.9649
488.623	46.4206
488.676	77.1402
488.728	-11.9465
488.78	-22.1863
488.833	21.845
488.885	5.4612
488.937	-30.3782
488.989	-12.9705
489.042	59.7324
489.094	9.5572
489.146	-21.1623
489.198	1.3653
489.251	33.1088
489.303	68.9483
489.355	46.4206
489.407	-32.4262
489.46	19.797
489.512	49.4926
489.564	2.3893
489.616	-8.8745
489.668	50.5166
489.721	14.6771
489.773	34.1328
489.825	-8.8745
489.877	31.0609
489.929	111.9556
489.982	76.1162
490.034	85.332
490.086	49.4926
490.138	-11.9465
490.19	52.5645
490.242	7.5092
490.294	22.869
490.346	-17.0664
490.399	75.0922
490.451	0.3413
490.503	61.7804
490.555	-11.9465
490.607	-46.762
490.659	15.7011
490.711	67.9243
490.763	-13.9945
490.815	97.6198
490.867	4.4373
490.919	41.3007
490.971	45.3966
491.023	86.356
491.076	74.0682
491.128	38.2287
491.18	-25.2583
491.232	-103.0811
491.284	39.2527
491.336	76.1162
491.388	1.3653
491.44	-95.9132
491.492	37.2048
491.544	18.773
491.596	2.3893
491.648	23.893
491.699	3.4133
491.751	-1.7066
491.803	-17.0664
491.855	-30.3782
491.907	4.4373
491.959	-5.8026
492.011	31.0609
492.063	51.5405
492.115	5.4612
492.167	29.0129
492.219	61.7804
492.271	73.0442
492.323	56.6605
492.374	187.7305
492.426	173.3947
492.478	232.7858
492.53	305.4887
492.582	278.8651
492.634	280.913
492.686	302.4167
492.737	348.496
492.789	154.963
492.841	161.1069
492.893	110.9316
492.945	80.2121
492.997	103.7637
493.048	31.0609
493.1	44.3727
493.152	65.8763
493.204	-13.9945
493.256	-2.7306
493.307	26.9649
493.359	31.0609
493.411	10.5812
493.463	46.4206
493.514	54.6125
493.566	-30.3782
493.618	22.869
493.67	30.0369
493.721	-21.1623
493.773	68.9483
493.825	38.2287
493.876	-57.0018
493.928	40.2767
493.98	137.5552
494.032	69.9723
494.083	48.4686
494.135	8.5332
494.187	100.6918
494.238	52.5645
494.29	46.4206
494.342	74.0682
494.393	55.6365
494.445	63.8284
494.497	86.356
494.548	-17.0664
494.6	-2.7306
494.651	17.7491
494.703	61.7804
494.755	21.845
494.806	-5.8026
494.858	1.3653
494.909	-107.177
494.961	98.6438
495.013	23.893
495.064	14.6771
495.116	7.5092
495.167	-11.9465
495.219	57.6845
495.27	18.773
495.322	67.9243
495.373	-3.7546
495.425	-15.0184
495.476	35.1568
495.528	66.9003
495.579	-60.0738
495.631	4.4373
495.682	-27.3063
495.734	9.5572
495.785	-41.642
495.837	7.5092
495.888	20.821
495.94	58.7084
495.991	5.4612
496.043	4.4373
496.094	-38.5701
496.146	51.5405
496.197	-12.9705
496.249	15.7011
496.3	9.5572
496.351	-34.4741
496.403	-10.9225
496.454	14.6771
496.506	-16.0424
496.557	-25.2583
496.608	45.3966
496.66	13.6531
496.711	-13.9945
496.763	35.1568
496.814	59.7324
496.865	57.6845
496.917	48.4686
496.968	35.1568
497.019	-60.0738
497.071	39.2527
497.122	-18.0904
497.173	0.3413
497.225	58.7084
497.276	15.7011
497.327	-2.7306
497.378	52.5645
497.43	105.8117
497.481	27.9889
497.532	18.773
497.584	9.5572
497.635	6.4852
497.686	26.9649
497.737	59.7324
497.789	79.1881
497.84	-0.6827
497.891	-30.3782
497.942	-47.7859
497.994	31.0609
498.045	70.9962
498.096	57.6845
498.147	62.8044
498.198	-10.9225
498.25	24.917
498.301	-25.2583
498.352	81.2361
498.403	30.0369
498.454	19.797
498.505	33.1088
498.557	10.5812
498.608	-9.8985
498.659	34.1328
498.71	-28.3302
498.761	32.0848
498.812	41.3007
498.863	21.845
498.915	-15.0184
498.966	1.3653
499.017	53.5885
499.068	35.1568
499.119	27.9889
499.17	56.6605
499.221	36.1808
499.272	-68.2656
499.323	82.2601
499.374	8.5332
499.425	49.4926
499.476	61.7804
499.527	34.1328
499.579	37.2048
499.63	54.6125
499.681	-2.7306
499.732	66.9003
499.783	40.2767
499.834	-38.5701
499.885	30.0369
499.936	-23.2103
499.987	15.7011
500.038	59.7324
500.089	87.38
500.14	56.6605
500.19	42.3247
500.241	0.3413
500.292	25.9409
500.343	-0.6827
500.394	67.9243
500.445	-8.8745
500.496	17.7491
500.547	109.9077
500.598	20.821
500.649	-90.7933
500.7	29.0129
500.751	-4.7786
500.802	39.2527
500.852	1.3653
500.903	4.4373
500.954	93.5239
501.005	-11.9465
501.056	82.2601
501.107	-2.7306
501.158	93.5239
501.209	78.1641
501.259	-32.4262
501.31	40.2767
501.361	109.9077
501.412	-42.666
501.463	24.917
501.513	-30.3782
501.564	49.4926
501.615	63.8284
501.666	38.2287
501.717	1.3653
501.767	49.4926
501.818	-35.4981
501.869	-31.4022
501.92	11.6052
501.97	56.6605
502.021	99.6678
502.072	-21.1623
502.123	-19.1144
502.173	78.1641
502.224	20.821
502.275	-12.9705
502.326	29.0129
502.376	75.0922
502.427	18.773
502.478	-4.7786
502.528	35.1568
502.579	62.8044
502.63	64.8523
502.68	35.1568
502.731	14.6771
502.782	-23.2103
502.832	-53.9298
502.883	-67.2416
502.934	22.869
502.984	39.2527
503.035	54.6125
503.085	-7.8505
503.136	57.6845
503.187	29.0129
503.237	29.0129
503.288	42.3247
503.338	-10.9225
503.389	72.0202
503.44	90.452
503.49	-33.4502
503.541	27.9889
503.591	87.38
503.642	32.0848
503.692	42.3247
503.743	14.6771
503.793	4.4373
503.844	83.2841
503.895	57.6845
503.945	-4.7786
503.996	16.7251
504.046	-64.1697
504.097	40.2767
504.147	-27.3063
504.198	6.4852
504.248	-13.9945
504.298	17.7491
504.349	-24.2343
504.399	50.5166
504.45	1.3653
504.5	-59.0498
504.551	-41.642
504.601	26.9649
504.652	9.5572
504.702	-17.0664
504.752	31.0609
504.803	10.5812
504.853	30.0369
504.904	-27.3063
504.954	-20.1384
505.004	18.773
505.055	13.6531
505.105	-2.7306
505.156	19.797
505.206	45.3966
505.256	-15.0184
505.307	73.0442
505.357	32.0848
505.407	43.3487
505.458	14.6771
505.508	17.7491
505.558	-16.0424
505.609	2.3893
505.659	45.3966
505.709	36.1808
505.76	13.6531
505.81	-3.7546
505.86	12.6291
505.91	60.7564
505.961	35.1568
506.011	1.3653
506.061	-9.8985
506.112	15.7011
506.162	16.7251
506.212	103.7637
506.262	5.4612
506.312	-2.7306
506.363	-30.3782
506.413	-13.9945
506.463	-25.2583
506.513	50.5166
506.564	17.7491
506.614	86.356
506.664	-38.5701
506.714	-3.7546
506.764	-17.0664
506.814	36.1808
506.865	-39.5941
506.915	12.6291
506.965	38.2287
507.015	-36.5221
507.065	14.6771
507.115	-8.8745
507.165	5.4612
507.216	42.3247
507.266	5.4612
507.316	-17.0664
507.366	6.4852
507.416	25.9409
507.466	66.9003
507.516	-39.5941
507.566	63.8284
507.616	9.5572
507.666	13.6531
507.717	66.9003
507.767	25.9409
507.817	175.4427
507.867	21.845
507.917	27.9889
507.967	73.0442
508.017	-39.5941
508.067	41.3007
508.117	36.1808
508.167	-1.7066
508.217	16.7251
508.267	68.9483
508.317	-25.2583
508.367	86.356
508.417	22.869
508.467	7.5092
508.517	18.773
508.567	24.917
508.617	11.6052
508.667	-8.8745
508.716	33.1088
508.766	10.5812
508.816	-0.6827
508.866	37.2048
508.916	59.7324
508.966	33.1088
509.016	76.1162
509.066	53.5885
509.116	90.452
509.166	5.4612
509.216	49.4926
509.265	38.2287
509.315	94.5479
509.365	45.3966
509.415	44.3727
509.465	20.821
509.515	21.845
509.565	37.2048
509.614	6.4852
509.664	35.1568
509.714	-1.7066
509.764	-21.1623
509.814	29.0129
509.863	19.797
509.913	39.2527
509.963	-11.9465
510.013	45.3966
510.063	11.6052
510.112	26.9649
510.162	31.0609
510.212	-24.2343
510.262	40.2767
510.311	33.1088
510.361	-6.8266
510.411	62.8044
510.461	90.452
510.51	-67.2416
510.56	-28.3302
510.61	13.6531
510.659	-4.7786
510.709	14.6771
510.759	-39.5941
510.809	47.4446
510.858	30.0369
510.908	-13.9945
510.958	15.7011
511.007	15.7011
511.057	-7.8505
511.107	13.6531
511.156	-29.3542
511.206	26.9649
511.255	26.9649
511.305	15.7011
511.355	-23.2103
511.404	-1.7066
511.454	5.4612
511.504	-5.8026
511.553	-28.3302
511.603	52.5645
511.652	42.3247
511.702	-2.7306
511.751	5.4612
511.801	39.2527
511.851	67.9243
511.9	23.893
511.95	52.5645
511.999	7.5092
512.049	48.4686
512.098	37.2048
512.148	18.773
512.197	-26.2823
512.247	33.1088
512.296	47.4446
512.346	46.4206
512.395	43.3487
512.445	32.0848
512.494	65.8763
512.544	45.3966
512.593	11.6052
512.643	43.3487
512.692	31.0609
512.742	-8.8745
512.791	25.9409
512.84	-18.0904
512.89	-0.6827
512.939	75.0922
512.989	49.4926
513.038	25.9409
513.088	56.6605
513.137	24.917
513.186	91.4759
513.236	27.9889
513.285	-35.4981
513.335	57.6845
513.384	8.5332
513.433	15.7011
513.483	-30.3782
513.532	105.8117
513.581	27.9889
513.631	-54.9538
513.68	-7.8505
513.729	-34.4741
513.779	-1.7066
513.828	16.7251
513.877	-8.8745
513.927	37.2048
513.976	41.3007
514.025	2.3893
514.074	35.1568
514.124	-24.2343
514.173	-61.0977
514.222	29.0129
514.272	-9.8985
514.321	12.6291
514.37	13.6531
514.419	36.1808
514.469	15.7011
514.518	-13.9945
514.567	14.6771
514.616	48.4686
514.665	-42.666
514.715	37.2048
514.764	19.797
514.813	68.9483
514.862	8.5332
514.911	53.5885
514.961	-4.7786
515.01	18.773
515.059	82.2601
515.108	23.893
515.157	14.6771
515.206	74.0682
515.256	51.5405
515.305	-9.8985
515.354	-5.8026
515.403	8.5332
515.452	7.5092
515.501	-58.0258
515.55	-33.4502
515.599	40.2767
515.648	13.6531
515.698	12.6291
515.747	4.4373
515.796	14.6771
515.845	-7.8505
515.894	60.7564
515.943	82.2601
515.992	23.893
516.041	47.4446
516.09	31.0609
516.139	12.6291
516.188	20.821
516.237	-16.0424
516.286	49.4926
516.335	-6.8266
516.384	-11.9465
516.433	51.5405
516.482	26.9649
516.531	-31.4022
516.58	34.1328
516.629	34.1328
516.678	34.1328
