Input : 0.25M_5V_tif.tif-bin
Method : Radial
Parameters : cx296.936_cy209.483_coef1.00000_min1.00000_max421.000
Bounds : Range[13.0,279.0]

Dimension : 1.423
b : 2.03280

R2 : 0.982026
p-value : 0.00000
Confidence (95%): [1.390 - 1.456]
Bootstrap confidence : [1.356 - 1.475]

X	Y	Scaling behaviour	Estim
1.00000	1.00000	2.00000	
3.00000	9.00000	2.00000	
5.00000	25.0000	2.00000	
7.00000	49.0000	2.00000	
9.00000	81.0000	2.00000	
11.0000	121.000	2.00000	
13.0000	169.000	2.00000	293.848
15.0000	225.000	2.00000	360.219
17.0000	289.000	2.00000	430.452
19.0000	361.000	2.00000	504.277
21.0000	441.000	2.00000	581.469
23.0000	529.000	2.00000	661.839
25.0000	625.000	2.00000	745.224
27.0000	729.000	2.00000	831.483
29.0000	841.000	1.98439	920.490
31.0000	960.000	1.95779	1012.13
33.0000	1085.00	1.95119	1106.32
35.0000	1217.00	1.93293	1202.95
37.0000	1355.00	1.86774	1301.94
39.0000	1495.00	1.75324	1403.23
41.0000	1632.00	1.70432	1506.74
43.0000	1770.00	1.61678	1612.41
45.0000	1905.00	1.65329	1720.18
47.0000	2047.00	1.51057	1829.99
49.0000	2180.00	1.44787	1941.81
51.0000	2310.00	1.41268	2055.57
53.0000	2439.00	1.41242	2171.23
55.0000	2570.00	1.42298	2288.76
57.0000	2704.00	1.43315	2408.10
59.0000	2841.00	1.41274	2529.24
61.0000	2978.00	1.44389	2652.12
63.0000	3120.00	1.45354	2776.72
65.0000	3265.00	1.52080	2903.01
67.0000	3419.00	1.45024	3030.95
69.0000	3568.00	1.41298	3160.52
71.0000	3715.00	1.44352	3291.69
73.0000	3867.00	1.38036	3424.43
75.0000	4014.00	1.40318	3558.72
77.0000	4165.00	1.36171	3694.53
79.0000	4313.00	1.34950	3831.84
81.0000	4461.00	1.36477	3970.63
83.0000	4612.00	1.31773	4110.88
85.0000	4759.00	1.37812	4252.57
87.0000	4914.00	1.40108	4395.67
89.0000	5073.00	1.36289	4540.18
91.0000	5229.00	1.30949	4686.06
93.0000	5380.00	1.28393	4833.31
95.0000	5529.00	1.32707	4981.90
97.0000	5684.00	1.38535	5131.83
99.0000	5847.00	1.36644	5283.06
101.000	6009.00	1.28225	5435.60
103.000	6162.00	1.36583	5589.42
105.000	6326.00	1.35646	5744.51
107.000	6490.00	1.40434	5900.85
109.000	6661.00	1.45846	6058.43
111.000	6840.00	1.44661	6217.25
113.000	7019.00	1.50659	6377.28
115.000	7207.00	1.58758	6538.51
117.000	7407.00	1.54089	6700.93
119.000	7603.00	1.56557	6864.53
121.000	7804.00	1.59689	7029.30
123.000	8011.00	1.61183	7195.23
125.000	8222.00	1.66353	7362.30
127.000	8442.00	1.57253	7530.50
129.000	8652.00	1.45603	7699.83
131.000	8848.00	1.40954	7870.28
133.000	9039.00	1.39372	8041.83
135.000	9229.00	1.40013	8214.47
137.000	9421.00	1.42076	8388.20
139.000	9617.00	1.36232	8563.01
141.000	9806.00	1.37671	8738.89
143.000	9998.00	1.29885	8915.82
145.000	10180.0	1.17370	9093.80
147.000	10345.0	1.19207	9272.83
149.000	10513.0	1.12580	9452.89
151.000	10672.0	1.17304	9633.97
153.000	10838.0	1.28928	9816.07
155.000	11021.0	1.26362	9999.19
157.000	11201.0	1.22471	10183.3
159.000	11376.0	1.13119	10368.4
161.000	11538.0	1.11551	10554.5
163.000	11698.0	1.10011	10741.6
165.000	11856.0	1.11260	10929.6
167.000	12016.0	1.13870	11118.7
169.000	12180.0	1.12308	11308.6
171.000	12342.0	1.10771	11499.6
173.000	12502.0	1.13382	11691.5
175.000	12666.0	1.14582	11884.3
177.000	12832.0	1.15079	12078.0
179.000	12999.0	1.16937	12272.7
181.000	13169.0	1.09213	12468.3
183.000	13328.0	1.11149	12664.9
185.000	13490.0	1.09654	12862.3
187.000	13650.0	1.09541	13060.6
189.000	13810.0	1.10791	13259.9
191.000	13972.0	1.09308	13460.0
193.000	14132.0	0.962999	13661.0
195.000	14273.0	0.772809	13862.9
197.000	14386.0	0.781414	14065.7
199.000	14500.0	0.776283	14269.4
201.000	14613.0	0.798580	14473.9
203.000	14729.0	0.745178	14679.3
205.000	14837.0	0.767699	14885.5
207.000	14948.0	0.707244	15092.6
209.000	15050.0	0.639902	15300.6
211.000	15142.0	0.655998	15509.4
213.000	15236.0	0.658114	15719.0
215.000	15330.0	0.611179	15929.5
217.000	15417.0	0.641485	16140.8
219.000	15508.0	0.650634	16352.9
221.000	15600.0	0.652688	16565.8
223.000	15692.0	0.640526	16779.6
225.000	15782.0	0.635451	16994.2
227.000	15871.0	0.594624	17209.5
229.000	15954.0	0.646913	17425.7
231.000	16044.0	0.670455	17642.7
233.000	16137.0	0.657931	17860.5
235.000	16228.0	0.645381	18079.1
237.000	16317.0	0.632802	18298.4
239.000	16404.0	0.598356	18518.6
241.000	16486.0	0.585741	18739.5
243.000	16566.0	0.580408	18961.2
245.000	16645.0	0.575040	19183.7
247.000	16723.0	0.540110	19406.9
249.000	16796.0	0.549514	19631.0
251.000	16870.0	0.514299	19855.7
253.000	16939.0	0.434109	20081.3
255.000	16997.0	0.451047	20307.6
257.000	17057.0	0.490650	20534.6
259.000	17122.0	0.500144	20762.4
261.000	17188.0	0.532426	20990.9
263.000	17258.0	0.534318	21220.2
265.000	17328.0	0.566770	21450.2
267.000	17402.0	0.591610	21681.0
269.000	17479.0	0.547259	21912.5
271.000	17550.0	0.495050	22144.7
273.000	17614.0	0.496881	22377.7
275.000	17678.0	0.483143	22611.3
277.000	17740.0	0.438089	22845.7
279.000	17796.0	0.447697	23080.8
281.000	17853.0	0.433711	
283.000	17908.0	0.419637	
285.000	17961.0	0.413408	
287.000	18013.0	0.399156	
289.000	18063.0	0.392811	
291.000	18112.0	0.498924	
293.000	18174.0	0.516751	
295.000	18238.0	0.478006	
297.000	18297.0	0.439095	
299.000	18351.0	0.416291	
301.000	18402.0	0.393356	
303.000	18450.0	0.419581	
305.000	18501.0	0.421179	
307.000	18552.0	0.406211	
309.000	18601.0	0.407773	
311.000	18650.0	0.392641	
313.000	18697.0	0.377413	
315.000	18742.0	0.395725	
317.000	18789.0	0.430996	
319.000	18840.0	0.457941	
321.000	18894.0	0.416998	
323.000	18943.0	0.375849	
325.000	18987.0	0.377294	
327.000	19031.0	0.387329	
329.000	19076.0	0.423286	
331.000	19125.0	0.424762	
333.000	19174.0	0.417542	
335.000	19222.0	0.471296	
337.000	19276.0	0.455289	
339.000	19328.0	0.456752	
341.000	19380.0	0.414203	
343.000	19427.0	0.397953	
345.000	19472.0	0.381613	
347.000	19515.0	0.338486	
349.000	19553.0	0.339770	
351.000	19591.0	0.269305	
353.000	19621.0	0.243397	
355.000	19648.0	0.208245	
357.000	19671.0	0.218259	
359.000	19695.0	0.219211	
361.000	19719.0	0.229328	
363.000	19744.0	0.230303	
365.000	19769.0	0.222031	
367.000	19793.0	0.213688	
369.000	19816.0	0.205275	
371.000	19838.0	0.224886	
373.000	19862.0	0.235226	
375.000	19887.0	0.264509	
377.000	19915.0	0.284495	
379.000	19945.0	0.285571	
381.000	19975.0	0.296190	
383.000	20006.0	0.278114	
385.000	20035.0	0.240678	
387.000	20060.0	0.222305	
389.000	20083.0	0.223195	
391.000	20106.0	0.253292	
393.000	20132.0	0.264029	
395.000	20159.0	0.274822	
397.000	20187.0	0.246293	
399.000	20212.0	0.237341	
401.000	20236.0	0.248166	
403.000	20261.0	0.229177	
405.000	20284.0	0.240047	
407.000	20308.0	0.240944	
409.000	20332.0	0.221697	
411.000	20354.0	0.222538	
413.000	20376.0	0.243672	
415.000	20400.0	0.224192	
417.000	20422.0	0.173906	
419.000	20439.0	0.174593	
421.000	20456.0	NaN	
