Input : Fractal1M3V_Light3_tif.tif-bin
Method : Radial
Parameters : cx184.115_cy288.457_coef1.00000_min1.00000_max339.000
Bounds : Range[5.0,339.0]

Dimension : 1.099
b : 2.78807

R2 : 0.948657
p-value : 0.00000
Confidence (95%): [1.060 - 1.138]
Bootstrap confidence : [0.9871 - 1.184]

X	Y	Scaling behaviour	Estim
1.00000	1.00000	2.00000	
3.00000	9.00000	2.00000	
5.00000	25.0000	2.00000	95.2522
7.00000	49.0000	2.00000	137.861
9.00000	81.0000	2.00000	181.706
11.0000	121.000	2.00000	226.533
13.0000	169.000	2.00000	272.176
15.0000	225.000	2.00000	318.522
17.0000	289.000	2.00000	365.483
19.0000	361.000	1.97732	412.995
21.0000	440.000	1.94152	461.005
23.0000	525.000	1.87807	509.469
25.0000	614.000	1.88758	558.352
27.0000	710.000	1.79206	607.623
29.0000	807.000	1.66874	657.256
31.0000	902.000	1.48896	707.229
33.0000	990.000	1.41571	757.522
35.0000	1076.00	1.30610	808.117
37.0000	1157.00	1.16222	858.999
39.0000	1230.00	1.09138	910.153
41.0000	1299.00	1.07130	961.567
43.0000	1367.00	0.929445	1013.23
45.0000	1426.00	0.885802	1065.13
47.0000	1482.00	0.874432	1117.26
49.0000	1537.00	0.878848	1169.61
51.0000	1592.00	0.914514	1222.17
53.0000	1649.00	0.901591	1274.93
55.0000	1705.00	0.857036	1327.90
57.0000	1758.00	0.845268	1381.05
59.0000	1810.00	0.849651	1434.39
61.0000	1862.00	0.805170	1487.90
63.0000	1911.00	0.826425	1541.59
65.0000	1961.00	0.847200	1595.45
67.0000	2012.00	0.867502	1649.47
69.0000	2064.00	0.903862	1703.65
71.0000	2118.00	0.955970	1757.99
73.0000	2175.00	0.940529	1812.48
75.0000	2231.00	0.958615	1867.12
77.0000	2288.00	0.992879	1921.90
79.0000	2347.00	0.959794	1976.82
81.0000	2404.00	1.02732	2031.88
83.0000	2465.00	1.10970	2087.07
85.0000	2531.00	1.10688	2142.40
87.0000	2597.00	1.08767	2197.85
89.0000	2662.00	1.11854	2253.43
91.0000	2729.00	1.16499	2309.14
93.0000	2799.00	1.14453	2364.96
95.0000	2868.00	1.10840	2420.91
97.0000	2935.00	1.15490	2476.97
99.0000	3005.00	1.08625	2533.14
101.000	3071.00	1.05189	2589.43
103.000	3135.00	0.953221	2645.82
105.000	3193.00	0.872490	2702.33
107.000	3246.00	0.743451	2758.94
109.000	3291.00	0.746935	2815.66
111.000	3336.00	0.899193	2872.48
113.000	3390.00	0.933876	2929.40
115.000	3446.00	0.984606	2986.42
117.000	3505.00	0.918609	3043.54
119.000	3560.00	1.00279	3100.75
121.000	3620.00	1.05245	3158.06
123.000	3683.00	1.05156	3215.46
125.000	3746.00	1.10030	3272.96
127.000	3812.00	1.13157	3330.55
129.000	3880.00	1.07988	3388.22
131.000	3945.00	1.16081	3445.99
133.000	4015.00	1.05955	3503.84
135.000	4079.00	1.07504	3561.78
137.000	4144.00	1.07387	3619.80
139.000	4209.00	1.02359	3677.91
141.000	4271.00	0.875622	3736.10
143.000	4324.00	0.860686	3794.37
145.000	4376.00	0.829353	3852.72
147.000	4426.00	0.814736	3911.15
149.000	4475.00	0.717219	3969.66
151.000	4518.00	0.703233	4028.25
153.000	4560.00	0.789567	4086.91
155.000	4607.00	0.825215	4145.65
157.000	4656.00	0.894178	4204.47
159.000	4709.00	0.912160	4263.36
161.000	4763.00	0.879513	4322.32
163.000	4815.00	0.880807	4381.36
165.000	4867.00	0.898945	4440.46
167.000	4920.00	0.883136	4499.64
169.000	4972.00	0.867431	4558.89
171.000	5023.00	0.800948	4618.20
173.000	5070.00	0.785781	4677.59
175.000	5116.00	0.787699	4737.04
177.000	5162.00	0.686990	4796.56
179.000	5202.00	0.620686	4856.15
181.000	5238.00	0.606028	4915.80
183.000	5273.00	0.556623	4975.52
185.000	5305.00	0.524432	5035.30
187.000	5335.00	0.562134	5095.15
189.000	5367.00	0.582331	5155.06
191.000	5400.00	0.584876	5215.03
193.000	5433.00	0.622875	5275.06
195.000	5468.00	0.785425	5335.16
197.000	5512.00	0.911782	5395.31
199.000	5563.00	0.966010	5455.53
201.000	5617.00	1.01975	5515.81
203.000	5674.00	1.03735	5576.14
205.000	5732.00	1.01918	5636.54
207.000	5789.00	0.965612	5696.99
209.000	5843.00	0.948121	5757.50
211.000	5896.00	0.752406	5818.07
213.000	5938.00	0.646740	5878.70
215.000	5974.00	0.594939	5939.38
217.000	6007.00	0.470762	6000.11
219.000	6033.00	0.454881	6060.91
221.000	6058.00	0.511855	6121.75
223.000	6086.00	0.495776	6182.66
225.000	6113.00	0.497998	6243.61
227.000	6140.00	0.537165	6304.62
229.000	6169.00	0.594985	6365.68
231.000	6201.00	0.597070	6426.80
233.000	6233.00	0.487029	6487.96
235.000	6259.00	0.489156	6549.18
237.000	6285.00	0.510119	6610.45
239.000	6312.00	0.512210	6671.78
241.000	6339.00	0.514284	6733.15
243.000	6366.00	0.516339	6794.57
245.000	6393.00	0.537535	6856.04
247.000	6421.00	0.481851	6917.57
249.000	6446.00	0.445217	6979.14
251.000	6469.00	0.427776	7040.76
253.000	6491.00	0.429712	7102.43
255.000	6513.00	0.470803	7164.15
257.000	6537.00	0.492402	7225.91
259.000	6562.00	0.494332	7287.72
261.000	6587.00	0.535867	7349.58
263.000	6614.00	0.478115	7411.49
265.000	6638.00	0.519920	7473.44
267.000	6664.00	0.581865	7535.44
269.000	6693.00	0.583673	7597.49
271.000	6722.00	0.545169	7659.58
273.000	6749.00	0.567202	7721.71
275.000	6777.00	0.609539	7783.90
277.000	6807.00	0.631585	7846.12
279.000	6838.00	0.592483	7908.39
281.000	6867.00	0.635087	7970.71
283.000	6898.00	0.595731	8033.06
285.000	6927.00	0.576861	8095.47
287.000	6955.00	0.516683	8157.91
289.000	6980.00	0.477006	8220.40
291.000	7003.00	0.499500	8282.93
293.000	7027.00	0.522053	8345.50
295.000	7052.00	0.502830	8408.12
297.000	7076.00	0.504513	8470.78
299.000	7100.00	0.527239	8533.48
301.000	7125.00	0.528895	8596.22
303.000	7150.00	0.509354	8659.00
305.000	7174.00	0.532247	8721.82
307.000	7199.00	0.512549	8784.69
309.000	7223.00	0.514166	8847.59
311.000	7247.00	0.580124	8910.53
313.000	7274.00	0.538666	8973.52
315.000	7299.00	0.540244	9036.54
317.000	7324.00	0.563444	9099.61
319.000	7350.00	0.521596	9162.71
321.000	7374.00	0.479620	9225.85
323.000	7396.00	0.524837	9289.03
325.000	7420.00	0.526371	9352.25
327.000	7444.00	0.527896	9415.51
329.000	7468.00	0.551433	9478.81
331.000	7493.00	0.508760	9542.14
333.000	7516.00	0.532411	9605.51
335.000	7540.00	0.511685	9668.92
337.000	7563.00	0.513168	9732.37
339.000	7586.00	NaN	9795.85
